Writing matrix 'Transport final solution' (4000 x 1):
	0.011699946422670839  
	0.020642663494623615  
	0.021750452125476414  
	0.99798641560216406  
	0.012829172651572301  
	0.012829172651572292  
	0.013954045906080631  
	0.013954045906080679  
	0.015075281185733033  
	0.015075281185733062  
	0.01619342946455345  
	0.01619342946455344  
	0.017308924611274847  
	0.017308924611274857  
	0.018422114585085539  
	0.019533282852063311  
	0.02064266349462367  
	0.021750452125476365  
	0.022856847891310889  
	0.022856847891310882  
	0.022856847891310959  
	0.026883320622068902  
	0.026883320622104932  
	0.79689149851972207  
	0.79689149851858621  
	0.019533282852063311  
	0.021750452125476407  
	0.021750452125476362  
	0.021750452125476417  
	0.022856847891310927  
	0.012829172651572247  
	0.020642663494623611  
	0.79689149851764507  
	0.015075281185733069  
	0.01507528118573305  
	0.016193429464553457  
	0.016193429464553429  
	0.016193429464553464  
	0.017308924611274836  
	0.017308924611274895  
	0.017308924611274867  
	0.01730892461127486  
	0.018422114585085532  
	0.018422114585085556  
	0.018422114585085535  
	0.018422114585085591  
	0.018422114585085542  
	0.019533282852063318  
	0.019533282852063304  
	0.01953328285206336  
	0.019533282852063322  
	0.019533282852063325  
	0.020642663494623618  
	0.02064266349462365  
	0.020642663494623601  
	0.020642663494623681  
	0.021750452125476372  
	0.021750452125476369  
	0.021750452125476431  
	0.022856847891310903  
	0.022856847891310931  
	0.02175045212547639  
	0.013954045906080625  
	0.020642663494623615  
	0.026883320622088879  
	0.01842211458508556  
	0.0217504521254764  
	0.013954045906080655  
	0.021750452125476362  
	0.026883320622143124  
	0.017308924611274826  
	0.015075281185733046  
	0.01730892461127485  
	0.020642663494623618  
	0.015075281185733062  
	0.019533282852063311  
	0.026883320622178509  
	0.020642663494623636  
	0.02285684789131091  
	0.020642663494623657  
	0.021750452125476348  
	0.021750452125476348  
	0.022856847891310886  
	0.020642663494623639  
	0.019533282852063294  
	0.018422114585085563  
	0.020642663494623629  
	0.016193429464553454  
	0.016193429464553433  
	0.019533282852063353  
	0.02064266349462365  
	0.021750452125476431  
	0.018422114585085594  
	0.016193429464553481  
	0.017308924611274902  
	0.018422114585085539  
	0.019533282852063294  
	0.021750452125476404  
	0.022856847891310962  
	0.015075281185733017  
	0.013954045906080672  
	0.017308924611274853  
	0.020642663494623677  
	0.019533282852063304  
	0.019533282852063318  
	0.018422114585085556  
	0.018422114585085542  
	0.017308924611274853  
	0.016193429464553492  
	0.010565414875542531  
	0.022856847891310917  
	0.022856847891310938  
	0.0021590016159581844  
	0.0021590016159581996  
	0.0047358358983081959  
	0.0071136758352857926  
	0.0082746316073883767  
	0.0094242683133190768  
	0.011699946422670915  
	0.012829172651572294  
	0.013954045906080622  
	0.015075281185733038  
	0.016193429464553478  
	0.019533282852063315  
	0.020642663494623657  
	0.021750452125476379  
	0.0021590016159582005  
	0.0047358358983082228  
	0.0071136758352858213  
	0.0094242683133190629  
	0.011699946422670887  
	0.013954045906080669  
	0.016193429464553481  
	0.01730892461127486  
	0.01842211458508556  
	0.020642663494623646  
	0.021750452125476414  
	0.0034933405173827839  
	0.005936818804867368  
	0.010565414875542542  
	0.0034933405173828008  
	0.0047358358983081942  
	0.005936818804867394  
	0.007113675835285823  
	0.0082746316073883663  
	0.008274631607388375  
	0.0082746316073883403  
	0.0094242683133190178  
	0.0094242683133190647  
	0.009424268313319056  
	0.01056541487554251  
	0.010565414875542535  
	0.010565414875542528  
	0.011699946422670849  
	0.011699946422670887  
	0.011699946422670887  
	0.012829172651572275  
	0.012829172651572275  
	0.012829172651572284  
	0.013954045906080669  
	0.013954045906080683  
	0.015075281185733065  
	0.015075281185733052  
	0.016193429464553457  
	0.017308924611274871  
	0.018422114585085553  
	0.019533282852063336  
	0.01056541487554253  
	0.020642663494623657  
	0.0021590016159582135  
	0.0034933405173828017  
	0.01842211458508556  
	0.019533282852063336  
	0.011699946422670896  
	0.019533282852063343  
	0.0094242683133190577  
	0.0034933405173828095  
	0.0047358358983082228  
	0.005936818804867388  
	0.0082746316073883646  
	0.012829172651572286  
	0.013954045906080643  
	0.018422114585085553  
	0.010565414875542484  
	0.0021590016159582  
	0.0034933405173828021  
	0.017308924611274871  
	0.0047358358983082063  
	0.017308924611274871  
	0.0059368188048673871  
	0.016193429464553471  
	0.016193429464553457  
	0.0071136758352858195  
	0.0082746316073883386  
	0.015075281185733069  
	0.0059368188048673871  
	0.0071136758352858213  
	0.0094242683133190456  
	0.013954045906080681  
	0.015075281185733046  
	0.0059368188048673992  
	0.0047358358983082029  
	0.0071136758352858273  
	0.012829172651572292  
	0.008274631607388375  
	0.013954045906080672  
	0.015075281185733057  
	0.0094242683133190647  
	0.012829172651572296  
	0.0071136758352858187  
	0.0082746316073883629  
	0.011699946422670894  
	0.0094242683133190699  
	0.012829172651572246  
	0.011699946422670885  
	0.011699946422670877  
	0.010565414875542528  
	0.010565414875542528  
	0.010565414875542521  
	0.018422114585085567  
	0.01507528118573301  
	0.016193429464553471  
	0.017308924611274895  
	0.013954045906080676  
	0.020642663494623653  
	0.021750452125476407  
	0.011699946422670875  
	0.01282917265157232  
	0.019533282852063349  
	0.0021590016159582239  
	0.015075281185733013  
	0.0021590016159582135  
	0.005936818804867388  
	0.0071136758352858352  
	0.0071136758352858221  
	0.0082746316073883525  
	0.0094242683133190543  
	0.010565414875542503  
	0.011699946422670861  
	0.011699946422670872  
	0.012829172651572242  
	0.012829172651572258  
	0.013954045906080632  
	0.013954045906080638  
	0.0021590016159582144  
	0.0021590016159582135  
	0.0021590016159582248  
	0.0021590016159582005  
	0.0021590016159582005  
	0.0021590016159581844  
	0.0047358358983082107  
	0.0034933405173827922  
	0.0082746316073883577  
	0.0094242683133190387  
	0.010565414875542495  
	0.013954045906080646  
	0.0034933405173827922  
	0.0034933405173827826  
	0.0034933405173827922  
	0.0034933405173828017  
	0.0034933405173827874  
	0.0047358358983082081  
	0.0047358358983082072  
	0.0047358358983082055  
	0.0047358358983081968  
	0.0047358358983081933  
	0.0059368188048673819  
	0.0059368188048673802  
	0.0059368188048673802  
	0.0059368188048673862  
	0.0059368188048673845  
	0.0071136758352858291  
	0.007113675835285823  
	0.0071136758352858195  
	0.0071136758352858135  
	0.0082746316073883368  
	0.0082746316073883368  
	0.0082746316073883351  
	0.0094242683133190508  
	0.0094242683133190387  
	0.010565414875542497  
	0.01056541487554251  
	0.011699946422670856  
	0.011699946422670885  
	0.0059368188048673871  
	0.01282917265157227  
	0.0034933405173827904  
	0.0094242683133190421  
	0.01056541487554249  
	0.0034933405173828056  
	0.012829172651572251  
	0.0021590016159582  
	0.0021590016159582152  
	0.0082746316073883351  
	0.011699946422670854  
	0.0021590016159582248  
	0.011699946422670868  
	0.0047358358983082072  
	0.0059368188048673914  
	0.0094242683133190387  
	0.0047358358983082055  
	0.0047358358983082072  
	0.0034933405173827874  
	0.0034933405173827891  
	0.0021590016159581844  
	0.0059368188048673845  
	0.0059368188048673767  
	0.010565414875542502  
	0.0082746316073883368  
	0.0034933405173828017  
	0.0047358358983081933  
	0.0047358358983082063  
	0.0071136758352858109  
	0.00711367583528581  
	0.012829172651572259  
	0.01169994642267087  
	0.007113675835285823  
	0.0034933405173827922  
	0.0021590016159582135  
	0.0059368188048673871  
	0.010565414875542498  
	0.0094242683133190334  
	0.0082746316073883368  
	0.0094242683133190491  
	0.0047358358983082055  
	0.0034933405173827909  
	0.0021590016159581996  
	0.0047358358983082072  
	0.010565414875542507  
	0.0094242683133190387  
	0.0082746316073883351  
	0.0082746316073883438  
	0.0071136758352858117  
	0.007113675835285823  
	0.0071136758352858352  
	0.0059368188048673776  
	0.0059368188048673888  
	0.016193429464553454  
	0.019533282852063318  
	0.0021590016159581836  
	0.0021590016159581701  
	0.0059368188048673966  
	0.0071136758352858187  
	0.0071136758352858395  
	0.0082746316073883386  
	0.0082746316073883594  
	0.0094242683133190404  
	0.00942426831331903  
	0.010565414875542517  
	0.011699946422670861  
	0.011699946422670856  
	0.012829172651572275  
	0.012829172651572273  
	0.013954045906080638  
	0.01395404590608065  
	0.015075281185733008  
	0.015075281185733026  
	0.016193429464553454  
	0.017308924611274843  
	0.017308924611274843  
	0.018422114585085546  
	0.018422114585085532  
	0.0021590016159582131  
	0.0021590016159582135  
	0.0021590016159582174  
	0.004735835898308202  
	0.0034933405173827709  
	0.0047358358983082037  
	0.010565414875542502  
	0.01619342946455345  
	0.018422114585085546  
	0.0034933405173827778  
	0.0034933405173827588  
	0.0034933405173828026  
	0.0047358358983082037  
	0.0047358358983082037  
	0.0059368188048673966  
	0.0059368188048673966  
	0.0059368188048673854  
	0.0071136758352858325  
	0.0071136758352858117  
	0.0082746316073883264  
	0.0082746316073883681  
	0.0094242683133190473  
	0.0094242683133190387  
	0.0105654148755425  
	0.011699946422670863  
	0.012829172651572265  
	0.012829172651572273  
	0.013954045906080651  
	0.013954045906080651  
	0.015075281185733026  
	0.015075281185733038  
	0.01619342946455345  
	0.0021590016159582083  
	0.016193429464553454  
	0.01730892461127485  
	0.0047358358983081977  
	0.0034933405173827774  
	0.01056541487554249  
	0.01730892461127484  
	0.0034933405173827991  
	0.0021590016159582135  
	0.017308924611274843  
	0.0034933405173828069  
	0.011699946422670882  
	0.0071136758352858273  
	0.0071136758352858169  
	0.0094242683133190508  
	0.012829172651572266  
	0.013954045906080643  
	0.01619342946455345  
	0.0021590016159582131  
	0.015075281185733027  
	0.01619342946455345  
	0.013954045906080651  
	0.015075281185733026  
	0.01395404590608065  
	0.015075281185733041  
	0.012829172651572275  
	0.011699946422670875  
	0.0034933405173827722  
	0.0082746316073883455  
	0.004735835898308215  
	0.010565414875542514  
	0.011699946422670859  
	0.01056541487554251  
	0.012829172651572273  
	0.011699946422670882  
	0.010565414875542493  
	0.0082746316073883438  
	0.0094242683133190439  
	0.0094242683133190577  
	0.0082746316073883455  
	0.0094242683133190733  
	0.0021590016159582161  
	0.0034933405173827843  
	0.0047358358983082272  
	0.0059368188048673932  
	0.0059368188048673706  
	0.0059368188048673689  
	0.0047358358983082055  
	0.0071136758352858343  
	0.008274631607388323  
	0.0071136758352858048  
	0.0059368188048673845  
	0.007113675835285823  
	0.01169994642267087  
	0.003493340517382777  
	0.0021590016159581836  
	0.0059368188048673819  
	0.012829172651572277  
	0.0094242683133190387  
	0.0047358358983081916  
	0.010565414875542495  
	0.0082746316073883542  
	0.013954045906080634  
	0.01507528118573301  
	0.0047358358983081777  
	0.015075281185733033  
	0.0034933405173827904  
	0.019533282852063311  
	0.0082746316073883802  
	0.017308924611274843  
	0.010565414875542495  
	0.0059368188048673637  
	0.013954045906080643  
	0.0094242683133190681  
	0.002159001615958158  
	0.012829172651572266  
	0.0071136758352858291  
	0.018422114585085546  
	0.011699946422670884  
	0.01619342946455345  
	0.012829172651572258  
	0.016193429464553429  
	0.0021590016159582053  
	0.0021590016159582148  
	0.0034933405173827787  
	0.0059368188048673654  
	0.0071136758352858187  
	0.0082746316073883351  
	0.0082746316073883455  
	0.0094242683133190178  
	0.010565414875542488  
	0.010565414875542512  
	0.011699946422670849  
	0.012829172651572251  
	0.013954045906080638  
	0.013954045906080658  
	0.015075281185733012  
	0.015075281185733019  
	0.0021590016159582118  
	0.0021590016159582157  
	0.0021590016159582144  
	0.0059368188048673767  
	0.0034933405173827852  
	0.0094242683133190404  
	0.01169994642267088  
	0.015075281185733008  
	0.0034933405173827948  
	0.0034933405173827904  
	0.0034933405173827726  
	0.004735835898308202  
	0.0047358358983082011  
	0.0047358358983081951  
	0.0047358358983082159  
	0.0059368188048673698  
	0.0059368188048673854  
	0.005936818804867375  
	0.0071136758352858221  
	0.0071136758352858291  
	0.0071136758352858247  
	0.0082746316073883455  
	0.0082746316073883559  
	0.0094242683133190282  
	0.0094242683133190369  
	0.010565414875542491  
	0.010565414875542481  
	0.011699946422670856  
	0.012829172651572246  
	0.012829172651572253  
	0.013954045906080627  
	0.0021590016159582139  
	0.0082746316073883525  
	0.0021590016159582144  
	0.0047358358983082037  
	0.012829172651572265  
	0.013954045906080639  
	0.011699946422670856  
	0.0034933405173827922  
	0.0034933405173827726  
	0.0071136758352858213  
	0.0094242683133190213  
	0.011699946422670852  
	0.012829172651572242  
	0.013954045906080638  
	0.0047358358983082003  
	0.011699946422670847  
	0.0034933405173827922  
	0.0059368188048673706  
	0.0082746316073883473  
	0.010565414875542495  
	0.0021590016159582152  
	0.010565414875542497  
	0.0047358358983081933  
	0.0059368188048673689  
	0.009424268313319023  
	0.0059368188048673819  
	0.010565414875542491  
	0.012829172651572247  
	0.011699946422670863  
	0.0047358358983081968  
	0.0094242683133190282  
	0.0034933405173827922  
	0.0047358358983082107  
	0.009424268313319023  
	0.010565414875542491  
	0.0059368188048673828  
	0.0082746316073883542  
	0.0047358358983082003  
	0.0034933405173827982  
	0.0021590016159582152  
	0.0071136758352858195  
	0.0082746316073883646  
	0.0082746316073883473  
	0.0071136758352858109  
	0.0071136758352858291  
	0.0071136758352858213  
	0.005936818804867381  
	0.0082746316073883386  
	0.017308924611274836  
	0.99798641560217582  
	0.0094242683133190282  
	0.010565414875542488  
	0.011699946422670861  
	0.012829172651572242  
	0.013954045906080632  
	0.015075281185733022  
	0.016193429464553426  
	0.018422114585085522  
	0.019533282852063284  
	0.020642663494623573  
	0.021750452125476324  
	0.022856847891310865  
	0.026883320622098795  
	0.79689149851654839  
	0.010565414875542476  
	0.012829172651572235  
	0.015075281185732994  
	0.017308924611274815  
	0.019533282852063277  
	0.021750452125476303  
	0.026883320622174557  
	0.0094242683133190178  
	0.79689149851946994  
	0.017308924611274843  
	0.011699946422670847  
	0.012829172651572254  
	0.013954045906080631  
	0.013954045906080643  
	0.015075281185733013  
	0.015075281185733005  
	0.016193429464553422  
	0.016193429464553429  
	0.016193429464553426  
	0.017308924611274819  
	0.017308924611274833  
	0.018422114585085518  
	0.018422114585085539  
	0.018422114585085532  
	0.01953328285206328  
	0.019533282852063277  
	0.020642663494623591  
	0.020642663494623601  
	0.021750452125476313  
	0.022856847891310851  
	0.017308924611274829  
	0.010565414875542484  
	0.026883320622054153  
	0.01169994642267084  
	0.022856847891310848  
	0.018422114585085522  
	0.011699946422670847  
	0.022856847891310848  
	0.016193429464553419  
	0.013954045906080636  
	0.016193429464553412  
	0.020642663494623594  
	0.012829172651572253  
	0.021750452125476296  
	0.017308924611274819  
	0.02064266349462358  
	0.019533282852063273  
	0.013954045906080613  
	0.019533282852063287  
	0.015075281185733024  
	0.015075281185733003  
	0.013954045906080629  
	0.012829172651572259  
	0.018422114585085522  
	0.016193429464553415  
	0.019533282852063294  
	0.021750452125476341  
	0.020642663494623587  
	0.017308924611274805  
	0.018422114585085518  
	0.018422114585085508  
	0.01730892461127485  
	0.016193429464553415  
	0.015075281185733008  
	0.0071136758352858169  
	0.011699946422670846  
	0.0082746316073883438  
	0.01507528118573302  
	0.0094242683133190196  
	0.013954045906080638  
	0.012829172651572249  
	0.010565414875542495  
	0.016193429464553443  
	0.021750452125476365  
	0.99798641560217416  
	0.99842242720186059  
	0.99846239392355329  
	0.99848203629723375  
	0.022856847891310882  
	0.022856847891310889  
	0.026883320622135613  
	0.026883320622130089  
	0.79689149851828323  
	0.79689149851734242  
	0.99798641560217227  
	0.99798641560215806  
	0.99842242720186059  
	0.99844275158095663  
	0.99844275158095663  
	0.99846239392355329  
	0.99848203629723375  
	0.99848203629723375  
	0.99850167987100658  
	0.99850167987100658  
	0.99842242720186047  
	0.99846239392355329  
	0.99848203629723375  
	0.022856847891310886  
	0.99842242720186059  
	0.99846239392355329  
	0.99846239392355329  
	0.99850167987100658  
	0.79689149851715912  
	0.7968914985174167  
	0.99798641560216239  
	0.99798641560216073  
	0.99798641560215895  
	0.99842242720186059  
	0.99842242720186059  
	0.99842242720186059  
	0.99844275158095663  
	0.99844275158095663  
	0.99844275158095663  
	0.99846239392355329  
	0.99846239392355329  
	0.99848203629723375  
	0.026883320622072795  
	0.99842242720186059  
	0.99846239392355329  
	0.99844275158095663  
	0.99848203629723375  
	0.99842242720186059  
	0.99848203629723375  
	0.026883320622096033  
	0.99798641560216261  
	0.99844275158095663  
	0.026883320622079553  
	0.99844275158095663  
	0.99850167987100658  
	0.99798641560217294  
	0.99844275158095663  
	0.99846239392355329  
	0.79689149851714081  
	0.99842242720186059  
	0.99848203629723375  
	0.99844275158095663  
	0.79689149851872387  
	0.99798641560217072  
	0.99846239392355329  
	0.99848203629723375  
	0.99846239392355329  
	0.99844275158095663  
	0.99846239392355329  
	0.99842242720186059  
	0.99844275158095663  
	0.99842242720186059  
	0.79689149851919916  
	0.99846239392355329  
	0.99844275158095663  
	0.99842242720186059  
	0.99798641560217005  
	0.013954045906080641  
	0.018422114585085522  
	0.020642663494623608  
	0.79689149851656393  
	0.015075281185733038  
	0.015075281185733012  
	0.016193429464553454  
	0.016193429464553454  
	0.017308924611274847  
	0.01730892461127485  
	0.018422114585085525  
	0.019533282852063287  
	0.019533282852063318  
	0.020642663494623639  
	0.021750452125476352  
	0.021750452125476365  
	0.022856847891310893  
	0.022856847891310886  
	0.026883320622123764  
	0.026883320622108998  
	0.015075281185733024  
	0.018422114585085528  
	0.020642663494623611  
	0.026883320622057262  
	0.01730892461127486  
	0.017308924611274843  
	0.018422114585085532  
	0.018422114585085532  
	0.019533282852063311  
	0.019533282852063284  
	0.019533282852063301  
	0.020642663494623611  
	0.020642663494623611  
	0.021750452125476348  
	0.021750452125476369  
	0.016193429464553443  
	0.018422114585085553  
	0.020642663494623605  
	0.022856847891310875  
	0.016193429464553436  
	0.019533282852063311  
	0.021750452125476358  
	0.022856847891310879  
	0.018422114585085535  
	0.01619342946455345  
	0.020642663494623629  
	0.022856847891310893  
	0.01730892461127485  
	0.021750452125476345  
	0.017308924611274867  
	0.018422114585085546  
	0.019533282852063311  
	0.020642663494623611  
	0.01730892461127485  
	0.021750452125476348  
	0.019533282852063294  
	0.020642663494623608  
	0.019533282852063287  
	0.018422114585085525  
	0.026883320622117141  
	0.021750452125476355  
	0.022856847891310889  
	0.99798641560214707  
	0.7968914985180533  
	0.99798641560217205  
	0.99850167987100658  
	0.99863922289238993  
	0.99842242720186047  
	0.99842242720186047  
	0.99844275158095663  
	0.99844275158095663  
	0.99846239392355329  
	0.99848203629723375  
	0.99852132469569788  
	0.99854097082206206  
	0.99856061830272358  
	0.99858026719228177  
	0.99859991754742516  
	0.99861956942705021  
	0.99848203629723375  
	0.99852132469569788  
	0.99856061830272358  
	0.99859991754742516  
	0.99861956942705021  
	0.99842242720186059  
	0.99850167987100658  
	0.99846239392355329  
	0.99846239392355329  
	0.99848203629723375  
	0.99848203629723375  
	0.99850167987100658  
	0.99850167987100658  
	0.99852132469569788  
	0.99852132469569788  
	0.99854097082206206  
	0.99854097082206206  
	0.99856061830272358  
	0.99858026719228177  
	0.99844275158095663  
	0.99850167987100658  
	0.99859991754742516  
	0.99846239392355329  
	0.99858026719228177  
	0.99844275158095663  
	0.99852132469569788  
	0.99858026719228177  
	0.99846239392355329  
	0.99854097082206206  
	0.99856061830272358  
	0.99854097082206206  
	0.99852132469569788  
	0.99844275158095663  
	0.99854097082206206  
	0.99856061830272358  
	0.99846239392355329  
	0.99850167987100658  
	0.99848203629723375  
	0.99848203629723375  
	0.99852132469569788  
	0.99850167987100658  
	0.99850167987100658  
	0.99848203629723375  
	0.01953328285206329  
	0.79689149851715912  
	0.79689149851741325  
	0.99848203629723375  
	0.020642663494623611  
	0.020642663494623608  
	0.021750452125476334  
	0.021750452125476341  
	0.022856847891310858  
	0.022856847891310914  
	0.026883320622118491  
	0.026883320622072847  
	0.99798641560217127  
	0.99798641560215673  
	0.99842242720186059  
	0.99842242720186059  
	0.99844275158095663  
	0.99844275158095663  
	0.99846239392355329  
	0.99846239392355329  
	0.020642663494623594  
	0.79689149851785979  
	0.79689149851713625  
	0.99846239392355329  
	0.022856847891310862  
	0.022856847891310862  
	0.026883320622094649  
	0.026883320622173173  
	0.026883320622112503  
	0.79689149851775687  
	0.7968914985162141  
	0.99798641560216483  
	0.99798641560217694  
	0.99798641560217327  
	0.99842242720186059  
	0.99842242720186047  
	0.02175045212547631  
	0.79689149851766883  
	0.79689149851913665  
	0.99844275158095663  
	0.021750452125476324  
	0.99798641560216861  
	0.99798641560217505  
	0.99844275158095663  
	0.022856847891310855  
	0.022856847891310875  
	0.99842242720186059  
	0.99842242720186059  
	0.026883320622043797  
	0.99798641560216761  
	0.021750452125476334  
	0.022856847891310848  
	0.99842242720186059  
	0.99844275158095663  
	0.026883320622157651  
	0.99798641560213797  
	0.79689149851842678  
	0.79689149851987029  
	0.79689149851774088  
	0.026883320622097823  
	0.026883320622089903  
	0.99844275158095663  
	0.99842242720186059  
	0.99798641560215107  
	0.99846239392355329  
	0.99848203629723375  
	0.022856847891310907  
	0.99842242720186059  
	0.79689149851876651  
	0.026883320622080941  
	0.021750452125476358  
	0.019533282852063277  
	0.020642663494623615  
	0.9979864156021655  
	0.99844275158095663  
	0.022856847891310844  
	0.79689149851794749  
	0.99842242720186059  
	0.020642663494623598  
	0.016193429464553429  
	0.018422114585085539  
	0.015075281185733039  
	0.02688332062207353  
	0.019533282852063277  
	0.021750452125476331  
	0.017308924611274829  
	0.01395404590608065  
	0.99798641560214818  
	0.016193429464553457  
	0.017308924611274843  
	0.015075281185733015  
	0.018422114585085539  
	0.0034933405173827909  
	0.011699946422670875  
	0.0082746316073883611  
	0.002159001615958197  
	0.0071136758352858221  
	0.013954045906080636  
	0.021750452125476358  
	0.0105654148755425  
	0.019533282852063304  
	0.020642663494623629  
	0.012829172651572249  
	0.0047358358983082055  
	0.005936818804867388  
	0.0228568478913109  
	0.026883320622079428  
	0.009424268313319056  
	0.99798641560217649  
	0.79689149851702146  
	0.026883320622108756  
	0.026883320622156349  
	0.99842242720186059  
	0.99852132469569788  
	0.026883320622024517  
	0.026883320622171355  
	0.79689149851767183  
	0.7968914985146337  
	0.99798641560217261  
	0.99842242720186059  
	0.99844275158095663  
	0.99844275158095663  
	0.99846239392355329  
	0.99846239392355329  
	0.99848203629723375  
	0.99848203629723375  
	0.99850167987100658  
	0.99850167987100658  
	0.79689149851630392  
	0.79689149851859686  
	0.99798641560211276  
	0.026883320622150562  
	0.99844275158095663  
	0.99850167987100658  
	0.79689149851746  
	0.99798641560217294  
	0.9979864156021776  
	0.99798641560217494  
	0.99798641560217705  
	0.99842242720186047  
	0.99842242720186047  
	0.99842242720186059  
	0.99844275158095663  
	0.99844275158095663  
	0.99846239392355329  
	0.99798641560217483  
	0.99842242720186059  
	0.79689149851556151  
	0.99848203629723375  
	0.79689149851828411  
	0.99844275158095663  
	0.99846239392355329  
	0.7968914985190455  
	0.99842242720186059  
	0.99798641560217372  
	0.99798641560216339  
	0.026883320622091235  
	0.99848203629723375  
	0.99842242720186059  
	0.99842242720186059  
	0.79689149851911056  
	0.99846239392355329  
	0.99842242720186059  
	0.9979864156021413  
	0.99798641560217083  
	0.79689149851995023  
	0.99844275158095663  
	0.99846239392355329  
	0.99844275158095663  
	0.99844275158095663  
	0.99848203629723375  
	0.99846239392355329  
	0.7968914985201474  
	0.99842242720186059  
	0.99844275158095663  
	0.99842242720186059  
	0.9979864156021403  
	0.99844275158095663  
	0.99852132469569788  
	0.99854097082206206  
	0.99863922289238993  
	0.99846239392355329  
	0.99846239392355329  
	0.99848203629723375  
	0.99848203629723375  
	0.99850167987100658  
	0.99850167987100658  
	0.99852132469569788  
	0.99854097082206206  
	0.99856061830272358  
	0.99856061830272358  
	0.99858026719228177  
	0.99858026719228177  
	0.99859991754742516  
	0.99859991754742516  
	0.99861956942705021  
	0.99861956942705021  
	0.99846239392355329  
	0.99848203629723375  
	0.99850167987100658  
	0.99854097082206206  
	0.99861956942705021  
	0.99850167987100658  
	0.99850167987100658  
	0.99852132469569788  
	0.99852132469569788  
	0.99852132469569788  
	0.99854097082206206  
	0.99854097082206206  
	0.99854097082206206  
	0.99856061830272358  
	0.99856061830272358  
	0.99858026719228177  
	0.99854097082206206  
	0.99858026719228177  
	0.99858026719228177  
	0.99848203629723375  
	0.99850167987100658  
	0.99852132469569788  
	0.99848203629723375  
	0.99852132469569788  
	0.99852132469569788  
	0.99859991754742516  
	0.99854097082206206  
	0.99850167987100658  
	0.99854097082206206  
	0.99859991754742516  
	0.99856061830272358  
	0.99852132469569788  
	0.99858026719228177  
	0.99856061830272358  
	0.99848203629723375  
	0.99850167987100658  
	0.99859991754742516  
	0.99858026719228177  
	0.99852132469569788  
	0.99856061830272358  
	0.99856061830272358  
	0.99856061830272358  
	0.99854097082206206  
	0.99854097082206206  
	0.99852132469569788  
	0.99850167987100658  
	0.99846239392355329  
	0.99848203629723375  
	0.99850167987100658  
	0.99852132469569788  
	0.99846239392355329  
	0.99844275158095663  
	0.99844275158095663  
	0.99850167987100658  
	0.99865887800715125  
	0.99867853483766511  
	0.99846239392355329  
	0.99848203629723375  
	0.99850167987100658  
	0.99852132469569788  
	0.99854097082206206  
	0.99856061830272358  
	0.99858026719228177  
	0.99859991754742516  
	0.99861956942705021  
	0.99863922289238993  
	0.99865887800715125  
	0.99865887800715125  
	0.99867853483766511  
	0.99869819345304323  
	0.99871785392535428  
	0.99873751632980423  
	0.99848203629723375  
	0.99852132469569788  
	0.99856061830272358  
	0.99859991754742516  
	0.99863922289238993  
	0.99863922289238993  
	0.99867853483766511  
	0.99867853483766511  
	0.99871785392535428  
	0.99865887800715125  
	0.99846239392355329  
	0.99873751632980423  
	0.99863922289238993  
	0.99848203629723375  
	0.99871785392535428  
	0.99852132469569788  
	0.99854097082206206  
	0.99854097082206206  
	0.99856061830272358  
	0.99856061830272358  
	0.99858026719228177  
	0.99858026719228177  
	0.99858026719228177  
	0.99859991754742516  
	0.99859991754742516  
	0.99859991754742516  
	0.99861956942705021  
	0.99861956942705021  
	0.99861956942705021  
	0.99861956942705021  
	0.99863922289238993  
	0.99863922289238993  
	0.99863922289238993  
	0.99865887800715125  
	0.99865887800715125  
	0.99865887800715125  
	0.99867853483766511  
	0.99850167987100658  
	0.99869819345304323  
	0.99861956942705021  
	0.99867853483766511  
	0.99850167987100658  
	0.99869819345304323  
	0.99863922289238993  
	0.99850167987100658  
	0.99869819345304323  
	0.99859991754742516  
	0.99854097082206206  
	0.99858026719228177  
	0.99852132469569788  
	0.99867853483766511  
	0.99861956942705021  
	0.99865887800715125  
	0.99865887800715125  
	0.99854097082206206  
	0.99858026719228177  
	0.99856061830272358  
	0.99863922289238993  
	0.99859991754742516  
	0.99856061830272358  
	0.99854097082206206  
	0.99852132469569788  
	0.99858026719228177  
	0.99867853483766511  
	0.99856061830272358  
	0.99858026719228177  
	0.99865887800715125  
	0.99863922289238993  
	0.99865887800715125  
	0.99861956942705021  
	0.99859991754742516  
	0.99859991754742516  
	0.99863922289238993  
	0.99861956942705021  
	0.99861956942705021  
	0.99846239392355329  
	0.99850167987100658  
	0.99861956942705021  
	0.99863922289238993  
	0.99856061830272358  
	0.99858026719228177  
	0.99842242720186047  
	0.99859991754742516  
	0.99844275158095663  
	0.99852132469569788  
	0.99848203629723375  
	0.99854097082206206  
	0.99877684725287263  
	0.99893426588885637  
	0.99879651593949281  
	0.99879651593949281  
	0.99881618689474483  
	0.99881618689474483  
	0.99883586021289117  
	0.99883586021289117  
	0.99885553599281718  
	0.99885553599281718  
	0.9988752143383538  
	0.9988752143383538  
	0.99889489535863596  
	0.99891457916849002  
	0.99891457916849002  
	0.99893426588885637  
	0.99895395564725675  
	0.99895395564725675  
	0.99897364857830218  
	0.99897364857830218  
	0.99899334482425273  
	0.99899334482425273  
	0.99901304453563711  
	0.99889489535863596  
	0.99901304453563711  
	0.99879651593949281  
	0.99895395564725675  
	0.99897364857830218  
	0.99883586021289117  
	0.99883586021289117  
	0.99885553599281718  
	0.99885553599281718  
	0.99885553599281718  
	0.9988752143383538  
	0.9988752143383538  
	0.9988752143383538  
	0.9988752143383538  
	0.99889489535863596  
	0.99889489535863596  
	0.99889489535863596  
	0.99889489535863596  
	0.99891457916849002  
	0.99891457916849002  
	0.99891457916849002  
	0.99891457916849002  
	0.99893426588885637  
	0.99893426588885637  
	0.99893426588885637  
	0.99895395564725675  
	0.99895395564725675  
	0.99897364857830218  
	0.99889489535863596  
	0.99899334482425273  
	0.99881618689474483  
	0.99893426588885637  
	0.99895395564725675  
	0.99893426588885637  
	0.9988752143383538  
	0.99899334482425273  
	0.99881618689474483  
	0.99895395564725675  
	0.99891457916849002  
	0.99897364857830218  
	0.99881618689474483  
	0.99885553599281718  
	0.99889489535863596  
	0.99889489535863596  
	0.99883586021289117  
	0.99897364857830218  
	0.99895395564725675  
	0.99885553599281718  
	0.99895395564725675  
	0.99883586021289117  
	0.99893426588885637  
	0.9988752143383538  
	0.99891457916849002  
	0.99893426588885637  
	0.99885553599281718  
	0.99891457916849002  
	0.9988752143383538  
	0.99893426588885637  
	0.99895395564725675  
	0.99897364857830218  
	0.99883586021289117  
	0.99885553599281718  
	0.99891457916849002  
	0.99893426588885637  
	0.99889489535863596  
	0.9988752143383538  
	0.99889489535863596  
	0.9988752143383538  
	0.99891457916849002  
	0.99893426588885637  
	0.99891457916849002  
	0.99889489535863596  
	0.99877684725287263  
	0.99899334482425273  
	0.99901304453563711  
	0.99905245500230599  
	0.99879651593949281  
	0.99881618689474483  
	0.99883586021289117  
	0.99885553599281718  
	0.9988752143383538  
	0.99891457916849002  
	0.99893426588885637  
	0.99895395564725675  
	0.99897364857830218  
	0.99897364857830218  
	0.99899334482425273  
	0.99901304453563711  
	0.99901304453563711  
	0.99903274787193053  
	0.99903274787193053  
	0.99881618689474483  
	0.99885553599281718  
	0.99889489535863596  
	0.99893426588885637  
	0.99899334482425273  
	0.99879651593949281  
	0.99889489535863596  
	0.99899334482425273  
	0.99903274787193053  
	0.99883586021289117  
	0.99885553599281718  
	0.9988752143383538  
	0.9988752143383538  
	0.99889489535863596  
	0.99891457916849002  
	0.99891457916849002  
	0.99893426588885637  
	0.99893426588885637  
	0.99895395564725675  
	0.99895395564725675  
	0.99895395564725675  
	0.99897364857830218  
	0.99897364857830218  
	0.99899334482425273  
	0.99899334482425273  
	0.99881618689474483  
	0.99903274787193053  
	0.99897364857830218  
	0.99883586021289117  
	0.99897364857830218  
	0.99901304453563711  
	0.99883586021289117  
	0.99895395564725675  
	0.99901304453563711  
	0.99899334482425273  
	0.9988752143383538  
	0.99891457916849002  
	0.99885553599281718  
	0.99901304453563711  
	0.99901304453563711  
	0.99899334482425273  
	0.9988752143383538  
	0.99897364857830218  
	0.99889489535863596  
	0.99897364857830218  
	0.99899334482425273  
	0.99893426588885637  
	0.99889489535863596  
	0.99897364857830218  
	0.99895395564725675  
	0.99889489535863596  
	0.9988752143383538  
	0.99885553599281718  
	0.99895395564725675  
	0.99891457916849002  
	0.99899334482425273  
	0.99897364857830218  
	0.99891457916849002  
	0.99895395564725675  
	0.99893426588885637  
	0.99891457916849002  
	0.99895395564725675  
	0.99893426588885637  
	0.99893426588885637  
	0.99867853483766511  
	0.99875718074494202  
	0.99885553599281718  
	0.99869819345304323  
	0.99869819345304323  
	0.99871785392535428  
	0.99873751632980423  
	0.99873751632980423  
	0.99875718074494202  
	0.99877684725287263  
	0.99879651593949281  
	0.99879651593949281  
	0.99881618689474483  
	0.99881618689474483  
	0.99883586021289117  
	0.99883586021289117  
	0.99871785392535428  
	0.99877684725287263  
	0.99871785392535428  
	0.99875718074494202  
	0.99883586021289117  
	0.99873751632980423  
	0.99873751632980423  
	0.99875718074494202  
	0.99875718074494202  
	0.99877684725287263  
	0.99877684725287263  
	0.99879651593949281  
	0.99879651593949281  
	0.99877684725287263  
	0.99869819345304323  
	0.99875718074494202  
	0.99881618689474483  
	0.99871785392535428  
	0.99875718074494202  
	0.99871785392535428  
	0.99877684725287263  
	0.99881618689474483  
	0.99873751632980423  
	0.99877684725287263  
	0.99879651593949281  
	0.99879651593949281  
	0.99873751632980423  
	0.99877684725287263  
	0.99875718074494202  
	0.99879651593949281  
	0.99881618689474483  
	0.99877684725287263  
	0.99873751632980423  
	0.99875718074494202  
	0.99875718074494202  
	0.99873751632980423  
	0.99871785392535428  
	0.99883586021289117  
	0.99885553599281718  
	0.99879651593949281  
	0.99881618689474483  
	0.99877684725287263  
	0.99885553599281718  
	0.99889489535863596  
	0.99891457916849002  
	0.99881618689474483  
	0.99883586021289117  
	0.9988752143383538  
	0.99895395564725675  
	0.99877684725287263  
	0.99897364857830218  
	0.99893426588885637  
	0.99879651593949281  
	0.99871785392535428  
	0.99869819345304323  
	0.99869819345304323  
	0.99873751632980423  
	0.99875718074494202  
	0.99867853483766511  
	0.99875718074494202  
	0.99865887800715125  
	0.99867853483766511  
	0.99869819345304323  
	0.99854097082206206  
	0.99863922289238993  
	0.99883586021289117  
	0.99856061830272358  
	0.99856061830272358  
	0.99858026719228177  
	0.99858026719228177  
	0.99859991754742516  
	0.99859991754742516  
	0.99861956942705021  
	0.99861956942705021  
	0.99863922289238993  
	0.99865887800715125  
	0.99865887800715125  
	0.99867853483766511  
	0.99867853483766511  
	0.99869819345304323  
	0.99871785392535428  
	0.99873751632980423  
	0.99875718074494202  
	0.99877684725287263  
	0.99879651593949281  
	0.99881618689474483  
	0.99881618689474483  
	0.99871785392535428  
	0.99875718074494202  
	0.99856061830272358  
	0.99863922289238993  
	0.99881618689474483  
	0.99859991754742516  
	0.99859991754742516  
	0.99861956942705021  
	0.99861956942705021  
	0.99861956942705021  
	0.99863922289238993  
	0.99863922289238993  
	0.99863922289238993  
	0.99865887800715125  
	0.99865887800715125  
	0.99865887800715125  
	0.99865887800715125  
	0.99867853483766511  
	0.99867853483766511  
	0.99867853483766511  
	0.99867853483766511  
	0.99869819345304323  
	0.99869819345304323  
	0.99869819345304323  
	0.99869819345304323  
	0.99871785392535428  
	0.99871785392535428  
	0.99871785392535428  
	0.99873751632980423  
	0.99873751632980423  
	0.99873751632980423  
	0.99875718074494202  
	0.99875718074494202  
	0.99877684725287263  
	0.99877684725287263  
	0.99879651593949281  
	0.99858026719228177  
	0.99863922289238993  
	0.99879651593949281  
	0.99869819345304323  
	0.99858026719228177  
	0.99865887800715125  
	0.99881618689474483  
	0.99867853483766511  
	0.99859991754742516  
	0.99863922289238993  
	0.99869819345304323  
	0.99873751632980423  
	0.99877684725287263  
	0.99879651593949281  
	0.99859991754742516  
	0.99877684725287263  
	0.99875718074494202  
	0.99861956942705021  
	0.99869819345304323  
	0.99861956942705021  
	0.99865887800715125  
	0.99867853483766511  
	0.99871785392535428  
	0.99877684725287263  
	0.99879651593949281  
	0.99863922289238993  
	0.99875718074494202  
	0.99861956942705021  
	0.99859991754742516  
	0.99858026719228177  
	0.99873751632980423  
	0.99873751632980423  
	0.99871785392535428  
	0.99863922289238993  
	0.99867853483766511  
	0.99865887800715125  
	0.99871785392535428  
	0.99875718074494202  
	0.99873751632980423  
	0.99865887800715125  
	0.99863922289238993  
	0.99861956942705021  
	0.99869819345304323  
	0.99871785392535428  
	0.99869819345304323  
	0.99867853483766511  
	0.99867853483766511  
	0.99865887800715125  
	0.99885553599281718  
	0.99891457916849002  
	0.99893426588885637  
	0.99867853483766511  
	0.99869819345304323  
	0.99871785392535428  
	0.99873751632980423  
	0.99875718074494202  
	0.99875718074494202  
	0.99877684725287263  
	0.99879651593949281  
	0.99881618689474483  
	0.99883586021289117  
	0.9988752143383538  
	0.9988752143383538  
	0.99889489535863596  
	0.99889489535863596  
	0.99891457916849002  
	0.99891457916849002  
	0.99869819345304323  
	0.99873751632980423  
	0.99879651593949281  
	0.99883586021289117  
	0.99889489535863596  
	0.99867853483766511  
	0.99885553599281718  
	0.99889489535863596  
	0.99891457916849002  
	0.99871785392535428  
	0.99873751632980423  
	0.99875718074494202  
	0.99875718074494202  
	0.99877684725287263  
	0.99877684725287263  
	0.99877684725287263  
	0.99879651593949281  
	0.99879651593949281  
	0.99879651593949281  
	0.99881618689474483  
	0.99881618689474483  
	0.99881618689474483  
	0.99881618689474483  
	0.99883586021289117  
	0.99883586021289117  
	0.99883586021289117  
	0.99883586021289117  
	0.99885553599281718  
	0.99885553599281718  
	0.99885553599281718  
	0.99885553599281718  
	0.9988752143383538  
	0.9988752143383538  
	0.99885553599281718  
	0.99889489535863596  
	0.99869819345304323  
	0.9988752143383538  
	0.99877684725287263  
	0.99885553599281718  
	0.99889489535863596  
	0.99871785392535428  
	0.99883586021289117  
	0.99889489535863596  
	0.99871785392535428  
	0.99881618689474483  
	0.9988752143383538  
	0.9988752143383538  
	0.99875718074494202  
	0.99873751632980423  
	0.99875718074494202  
	0.99879651593949281  
	0.99889489535863596  
	0.9988752143383538  
	0.99877684725287263  
	0.9988752143383538  
	0.9988752143383538  
	0.99885553599281718  
	0.99873751632980423  
	0.99875718074494202  
	0.99885553599281718  
	0.99881618689474483  
	0.99883586021289117  
	0.99879651593949281  
	0.99885553599281718  
	0.9988752143383538  
	0.99889489535863596  
	0.99877684725287263  
	0.99879651593949281  
	0.99883586021289117  
	0.99885553599281718  
	0.99883586021289117  
	0.99883586021289117  
	0.99881618689474483  
	0.99881618689474483  
	0.99881618689474483  
	0.99879651593949281  
	0.99877684725287263  
	0.99865887800715125  
	0.99869819345304323  
	0.99875718074494202  
	0.99883586021289117  
	0.99881618689474483  
	0.99873751632980423  
	0.99871785392535428  
	0.99877684725287263  
	0.99867853483766511  
	0.99879651593949281  
	0.99848203629723375  
	0.99852132469569788  
	0.99852132469569788  
	0.99859991754742516  
	0.99850167987100658  
	0.99850167987100658  
	0.99852132469569788  
	0.99854097082206206  
	0.99854097082206206  
	0.99856061830272358  
	0.99856061830272358  
	0.99858026719228177  
	0.99858026719228177  
	0.99859991754742516  
	0.99861956942705021  
	0.99861956942705021  
	0.99863922289238993  
	0.99865887800715125  
	0.99865887800715125  
	0.99867853483766511  
	0.99869819345304323  
	0.99871785392535428  
	0.99873751632980423  
	0.99852132469569788  
	0.99854097082206206  
	0.99854097082206206  
	0.99867853483766511  
	0.99873751632980423  
	0.99850167987100658  
	0.99854097082206206  
	0.99859991754742516  
	0.99863922289238993  
	0.99854097082206206  
	0.99854097082206206  
	0.99856061830272358  
	0.99856061830272358  
	0.99856061830272358  
	0.99856061830272358  
	0.99858026719228177  
	0.99858026719228177  
	0.99858026719228177  
	0.99858026719228177  
	0.99859991754742516  
	0.99859991754742516  
	0.99859991754742516  
	0.99859991754742516  
	0.99861956942705021  
	0.99861956942705021  
	0.99861956942705021  
	0.99863922289238993  
	0.99863922289238993  
	0.99865887800715125  
	0.99869819345304323  
	0.99871785392535428  
	0.99852132469569788  
	0.99852132469569788  
	0.99871785392535428  
	0.99854097082206206  
	0.99869819345304323  
	0.99856061830272358  
	0.99861956942705021  
	0.99852132469569788  
	0.99865887800715125  
	0.99856061830272358  
	0.99869819345304323  
	0.99859991754742516  
	0.99854097082206206  
	0.99859991754742516  
	0.99854097082206206  
	0.99852132469569788  
	0.99867853483766511  
	0.99858026719228177  
	0.99867853483766511  
	0.99861956942705021  
	0.99856061830272358  
	0.99863922289238993  
	0.99856061830272358  
	0.99867853483766511  
	0.99858026719228177  
	0.99865887800715125  
	0.99856061830272358  
	0.99854097082206206  
	0.99858026719228177  
	0.99865887800715125  
	0.99865887800715125  
	0.99858026719228177  
	0.99858026719228177  
	0.99863922289238993  
	0.99859991754742516  
	0.99859991754742516  
	0.99861956942705021  
	0.99861956942705021  
	0.99856061830272358  
	0.99863922289238993  
	0.99863922289238993  
	0.99861956942705021  
	0.99859991754742516  
	0.99858026719228177  
	0.99854097082206206  
	0.99861956942705021  
	0.99889489535863596  
	0.99891457916849002  
	0.99891457916849002  
	0.99863922289238993  
	0.99863922289238993  
	0.99865887800715125  
	0.99865887800715125  
	0.99867853483766511  
	0.99867853483766511  
	0.99869819345304323  
	0.99869819345304323  
	0.99871785392535428  
	0.99873751632980423  
	0.99873751632980423  
	0.99875718074494202  
	0.99875718074494202  
	0.99877684725287263  
	0.99877684725287263  
	0.99879651593949281  
	0.99881618689474483  
	0.99883586021289117  
	0.99885553599281718  
	0.9988752143383538  
	0.99889489535863596  
	0.99881618689474483  
	0.99885553599281718  
	0.99889489535863596  
	0.99871785392535428  
	0.99863922289238993  
	0.99889489535863596  
	0.99867853483766511  
	0.99867853483766511  
	0.99869819345304323  
	0.99869819345304323  
	0.99869819345304323  
	0.99871785392535428  
	0.99871785392535428  
	0.99871785392535428  
	0.99873751632980423  
	0.99873751632980423  
	0.99873751632980423  
	0.99875718074494202  
	0.99875718074494202  
	0.99875718074494202  
	0.99877684725287263  
	0.99877684725287263  
	0.99877684725287263  
	0.99879651593949281  
	0.99879651593949281  
	0.99879651593949281  
	0.99881618689474483  
	0.99881618689474483  
	0.99883586021289117  
	0.99883586021289117  
	0.99885553599281718  
	0.99871785392535428  
	0.99865887800715125  
	0.99889489535863596  
	0.99879651593949281  
	0.99875718074494202  
	0.99879651593949281  
	0.99883586021289117  
	0.99869819345304323  
	0.99865887800715125  
	0.9988752143383538  
	0.99877684725287263  
	0.99885553599281718  
	0.99867853483766511  
	0.99871785392535428  
	0.9988752143383538  
	0.99871785392535428  
	0.9988752143383538  
	0.99873751632980423  
	0.99875718074494202  
	0.99865887800715125  
	0.99885553599281718  
	0.99873751632980423  
	0.99867853483766511  
	0.99869819345304323  
	0.99883586021289117  
	0.99875718074494202  
	0.99881618689474483  
	0.99873751632980423  
	0.99871785392535428  
	0.99869819345304323  
	0.99867853483766511  
	0.99869819345304323  
	0.99873751632980423  
	0.99871785392535428  
	0.99875718074494202  
	0.99877684725287263  
	0.99881618689474483  
	0.99883586021289117  
	0.99879651593949281  
	0.99877684725287263  
	0.99877684725287263  
	0.99879651593949281  
	0.99873751632980423  
	0.9988752143383538  
	0.99885553599281718  
	0.99877684725287263  
	0.99875718074494202  
	0.99881618689474483  
	0.99883586021289117  
	0.99881618689474483  
	0.99879651593949281  
	0.99873751632980423  
	0.99869819345304323  
	0.99861956942705021  
	0.99871785392535428  
	0.99875718074494202  
	0.99865887800715125  
	0.99863922289238993  
	0.99867853483766511  
	0.99879651593949281  
	0.99858026719228177  
	0.99859991754742516  
	0.99856061830272358  
	0.99877684725287263  
	0.99854097082206206  
	0.99873751632980423  
	0.99871785392535428  
	0.99875718074494202  
	0.99867853483766511  
	0.99863922289238993  
	0.9988752143383538  
	0.99885553599281718  
	0.99865887800715125  
	0.99881618689474483  
	0.99869819345304323  
	0.99883586021289117  
	0.99861956942705021  
	0.99879651593949281  
	0.99877684725287263  
	0.99867853483766511  
	0.9988752143383538  
	0.99889489535863596  
	0.99858026719228177  
	0.99861956942705021  
	0.99881618689474483  
	0.99869819345304323  
	0.99885553599281718  
	0.99852132469569788  
	0.99891457916849002  
	0.99854097082206206  
	0.99873751632980423  
	0.99871785392535428  
	0.99859991754742516  
	0.99883586021289117  
	0.99875718074494202  
	0.99856061830272358  
	0.99865887800715125  
	0.99863922289238993  
	0.99850167987100658  
	0.99848203629723375  
	0.99850167987100658  
	0.02688332062199433  
	0.99852132469569788  
	0.99865887800715125  
	0.99859991754742516  
	0.026883320622172815  
	0.99852132469569788  
	0.99850167987100658  
	0.99863922289238993  
	0.99844275158095663  
	0.99842242720186059  
	0.99846239392355329  
	0.99854097082206206  
	0.99852132469569788  
	0.79689149851816043  
	0.99846239392355329  
	0.026883320622099912  
	0.022856847891310886  
	0.9979864156021736  
	0.99850167987100658  
	0.02688332062204667  
	0.02285684789131092  
	0.99850167987100658  
	0.99861956942705021  
	0.022856847891310969  
	0.99848203629723375  
	0.022856847891310927  
	0.022856847891310934  
	0.99856061830272358  
	0.99848203629723375  
	0.99858026719228177  
	0.02688332062211865  
	0.99852132469569788  
	0.99852132469569788  
	0.99848203629723375  
	0.99850167987100658  
	0.99848203629723375  
	0.022856847891310903  
	0.99954723666316114  
	0.99962713130093483  
	0.99970749747201437  
	0.99985053437848326  
	0.999567176465046  
	0.99958713732256221  
	0.99960712142048092  
	0.99962713130093483  
	0.99964716994664748  
	0.99966724089004533  
	0.99968734835860606  
	0.99968734835860606  
	0.99970749747201437  
	0.99972769451509713  
	0.99972769451509713  
	0.99974794732470762  
	0.99976826585324119  
	0.99976826585324119  
	0.99978866301622382  
	0.99978866301622382  
	0.99980915601674369  
	0.99980915601674369  
	0.99982976851329053  
	0.99982976851329053  
	0.99958713732256221  
	0.99964716994664748  
	0.99970749747201437  
	0.99974794732470762  
	0.999567176465046  
	0.99982976851329053  
	0.99960712142048092  
	0.99962713130093483  
	0.99964716994664748  
	0.99966724089004533  
	0.99966724089004533  
	0.99968734835860606  
	0.99968734835860606  
	0.99968734835860606  
	0.99970749747201437  
	0.99970749747201437  
	0.99970749747201437  
	0.99970749747201437  
	0.99972769451509713  
	0.99972769451509713  
	0.99972769451509713  
	0.99972769451509713  
	0.99974794732470762  
	0.99974794732470762  
	0.99974794732470762  
	0.99976826585324119  
	0.99976826585324119  
	0.99978866301622382  
	0.99972769451509713  
	0.99974794732470762  
	0.99958713732256221  
	0.99980915601674369  
	0.99976826585324119  
	0.99966724089004533  
	0.99960712142048092  
	0.99970749747201437  
	0.99972769451509713  
	0.99960712142048092  
	0.99968734835860606  
	0.99976826585324119  
	0.99980915601674369  
	0.99964716994664748  
	0.99964716994664748  
	0.99962713130093483  
	0.99962713130093483  
	0.99974794732470762  
	0.99980915601674369  
	0.99966724089004533  
	0.99970749747201437  
	0.99978866301622382  
	0.99972769451509713  
	0.99962713130093483  
	0.99964716994664748  
	0.99972769451509713  
	0.99970749747201437  
	0.99978866301622382  
	0.99966724089004533  
	0.99974794732470762  
	0.99976826585324119  
	0.99968734835860606  
	0.99974794732470762  
	0.99978866301622382  
	0.99976826585324119  
	0.99974794732470762  
	0.99968734835860606  
	0.99970749747201437  
	0.99972769451509713  
	0.99972769451509713  
	0.99978866301622382  
	0.99976826585324119  
	0.99974794732470762  
	0.99970749747201437  
	0.99968734835860606  
	0.99966724089004533  
	0.99968734835860606  
	0.99968734835860606  
	0.99976826585324119  
	0.9998715047143788  
	0.99970749747201437  
	0.99970749747201437  
	0.99972769451509713  
	0.99974794732470762  
	0.99980915601674369  
	0.99982976851329053  
	0.99985053437848326  
	0.9998715047143788  
	0.99970749747201437  
	0.99972769451509713  
	0.99974794732470762  
	0.99978866301622382  
	0.99982976851329053  
	0.99985053437848326  
	0.9998715047143788  
	0.99976826585324119  
	0.99982976851329053  
	0.99985053437848326  
	0.99985053437848326  
	0.99972769451509713  
	0.99972769451509713  
	0.99974794732470762  
	0.99974794732470762  
	0.99974794732470762  
	0.99976826585324119  
	0.99976826585324119  
	0.99976826585324119  
	0.99978866301622382  
	0.99978866301622382  
	0.99978866301622382  
	0.99980915601674369  
	0.99980915601674369  
	0.99980915601674369  
	0.99982976851329053  
	0.99978866301622382  
	0.99985053437848326  
	0.99972769451509713  
	0.99970749747201437  
	0.99972769451509713  
	0.99980915601674369  
	0.99976826585324119  
	0.99982976851329053  
	0.99970749747201437  
	0.99982976851329053  
	0.99978866301622382  
	0.99972769451509713  
	0.99982976851329053  
	0.99974794732470762  
	0.99974794732470762  
	0.99980915601674369  
	0.99980915601674369  
	0.99976826585324119  
	0.99974794732470762  
	0.99976826585324119  
	0.99978866301622382  
	0.99976826585324119  
	0.99978866301622382  
	0.99974794732470762  
	0.99985053437848326  
	0.99976826585324119  
	0.99972769451509713  
	0.99980915601674369  
	0.99982976851329053  
	0.99980915601674369  
	0.99978866301622382  
	0.99978866301622382  
	0.9998715047143788  
	0.99989276229403135  
	0.99980915601674369  
	0.99982976851329053  
	0.99982976851329053  
	0.99985053437848326  
	0.99985053437848326  
	0.9998715047143788  
	0.99989276229403135  
	0.99989276229403135  
	0.99991445568666304  
	0.99991445568666304  
	0.99993689896088578  
	0.9999610012811726  
	0.9999610012811726  
	0.99991445568666304  
	0.9999610012811726  
	0.99996100128117249  
	0.9999610012811726  
	0.9999610012811726  
	0.99980915601674369  
	0.9998715047143788  
	0.99989276229403135  
	0.9998715047143788  
	0.99993689896088589  
	0.99985053437848326  
	0.9998715047143788  
	0.9998715047143788  
	0.99989276229403135  
	0.99989276229403135  
	0.99991445568666304  
	0.99991445568666304  
	0.99993689896088589  
	0.99993689896088589  
	0.99993689896088578  
	0.99982976851329053  
	0.99993689896088589  
	0.99991445568666304  
	0.99989276229403135  
	0.99993689896088589  
	0.9999610012811726  
	0.99982976851329053  
	0.99991445568666304  
	0.99993689896088589  
	0.9999610012811726  
	0.99991445568666304  
	0.99985053437848326  
	0.9998715047143788  
	0.9999610012811726  
	0.99989276229403135  
	0.99993689896088578  
	0.99985053437848326  
	0.99985053437848326  
	0.9999610012811726  
	0.9998715047143788  
	0.99989276229403135  
	0.99991445568666304  
	0.99993689896088589  
	0.99991445568666304  
	0.99989276229403135  
	0.99991445568666304  
	0.99993689896088589  
	0.99996100128117249  
	0.9998715047143788  
	0.99991445568666304  
	0.99993689896088589  
	0.99991445568666304  
	0.99989276229403135  
	0.9998715047143788  
	0.99989276229403135  
	0.99989276229403135  
	0.9998715047143788  
	0.99989276229403135  
	0.99980915601674369  
	0.9998715047143788  
	0.99985053437848326  
	0.99978866301622382  
	0.99985053437848326  
	0.99982976851329053  
	0.99978866301622382  
	0.99985053437848326  
	0.99982976851329053  
	0.99974794732470762  
	0.99972769451509713  
	0.99980915601674369  
	0.99976826585324119  
	0.99924978112521878  
	0.9993288803659206  
	0.99936847847604648  
	0.99944779497545388  
	0.99926954499212894  
	0.99926954499212894  
	0.99928931586684633  
	0.99928931586684633  
	0.9993090941716043  
	0.9993090941716043  
	0.9993288803659206  
	0.99934867495119606  
	0.99934867495119606  
	0.99936847847604637  
	0.99938829154251441  
	0.99938829154251441  
	0.99940811481334391  
	0.99942794902053056  
	0.99942794902053056  
	0.99926954499212894  
	0.9993288803659206  
	0.99938829154251441  
	0.99936847847604648  
	0.99942794902053056  
	0.9993090941716043  
	0.9993090941716043  
	0.9993288803659206  
	0.9993288803659206  
	0.99934867495119606  
	0.99934867495119606  
	0.99934867495119606  
	0.99936847847604648  
	0.99938829154251441  
	0.99928931586684633  
	0.9993288803659206  
	0.99936847847604648  
	0.99940811481334391  
	0.99936847847604648  
	0.99928931586684633  
	0.99934867495119606  
	0.99934867495119606  
	0.99940811481334391  
	0.99940811481334391  
	0.99928931586684633  
	0.99936847847604648  
	0.9993288803659206  
	0.99938829154251441  
	0.9993090941716043  
	0.99936847847604648  
	0.99938829154251441  
	0.9993090941716043  
	0.9993288803659206  
	0.99938829154251441  
	0.9993090941716043  
	0.99934867495119606  
	0.99936847847604648  
	0.99934867495119606  
	0.9993288803659206  
	0.99934867495119595  
	0.99940811481334391  
	0.99946765358092338  
	0.999567176465046  
	0.99936847847604648  
	0.99936847847604648  
	0.99938829154251441  
	0.99938829154251441  
	0.9994081148133438  
	0.99942794902053056  
	0.99942794902053056  
	0.99944779497545388  
	0.99944779497545388  
	0.99946765358092338  
	0.99948752584562428  
	0.99950741290153455  
	0.99952731602509715  
	0.99952731602509715  
	0.99954723666316114  
	0.99948752584562428  
	0.99954723666316114  
	0.99936847847604637  
	0.99940811481334391  
	0.99942794902053056  
	0.99940811481334391  
	0.99942794902053056  
	0.99944779497545388  
	0.99946765358092338  
	0.99946765358092338  
	0.99948752584562428  
	0.99950741290153455  
	0.99952731602509715  
	0.99938829154251441  
	0.99942794902053056  
	0.99944779497545388  
	0.99946765358092338  
	0.99946765358092338  
	0.99952731602509715  
	0.99940811481334391  
	0.99940811481334391  
	0.99944779497545388  
	0.99948752584562428  
	0.99950741290153455  
	0.9993882915425143  
	0.99938829154251441  
	0.99940811481334391  
	0.99942794902053056  
	0.99948752584562428  
	0.99950741290153455  
	0.99942794902053056  
	0.99946765358092338  
	0.99944779497545388  
	0.99944779497545388  
	0.99948752584562428  
	0.99950741290153455  
	0.99946765358092338  
	0.99944779497545388  
	0.99942794902053056  
	0.99940811481334391  
	0.99936847847604648  
	0.9993882915425143  
	0.99940811481334391  
	0.99934867495119606  
	0.99944779497545388  
	0.99942794902053056  
	0.99942794902053056  
	0.99948752584562428  
	0.99958713732256221  
	0.99964716994664748  
	0.99944779497545388  
	0.99944779497545388  
	0.99946765358092338  
	0.99946765358092338  
	0.99948752584562428  
	0.99950741290153455  
	0.99950741290153455  
	0.99952731602509715  
	0.99952731602509715  
	0.99954723666316114  
	0.99954723666316114  
	0.999567176465046  
	0.99958713732256221  
	0.99960712142048092  
	0.99962713130093483  
	0.99962713130093483  
	0.99944779497545388  
	0.99948752584562428  
	0.999567176465046  
	0.99960712142048092  
	0.99948752584562428  
	0.99950741290153455  
	0.99952731602509715  
	0.99954723666316114  
	0.999567176465046  
	0.99958713732256221  
	0.99948752584562428  
	0.99952731602509715  
	0.99952731602509715  
	0.999567176465046  
	0.99962713130093483  
	0.99946765358092338  
	0.99958713732256221  
	0.99960712142048092  
	0.99946765358092338  
	0.99948752584562428  
	0.99960712142048092  
	0.99950741290153455  
	0.999567176465046  
	0.99958713732256221  
	0.99950741290153455  
	0.99948752584562428  
	0.99946765358092338  
	0.99958713732256221  
	0.99950741290153455  
	0.99952731602509715  
	0.999567176465046  
	0.99954723666316114  
	0.99954723666316114  
	0.99950741290153455  
	0.99954723666316114  
	0.99954723666316114  
	0.99952731602509715  
	0.99950741290153455  
	0.99966724089004533  
	0.99966724089004533  
	0.99966724089004533  
	0.99952731602509715  
	0.99952731602509715  
	0.99954723666316114  
	0.99954723666316114  
	0.999567176465046  
	0.99958713732256221  
	0.99960712142048092  
	0.99964716994664748  
	0.99966724089004533  
	0.99968734835860606  
	0.99968734835860606  
	0.99958713732256221  
	0.99962713130093483  
	0.99964716994664748  
	0.99964716994664748  
	0.99966724089004533  
	0.99952731602509715  
	0.99962713130093483  
	0.99968734835860606  
	0.99964716994664748  
	0.999567176465046  
	0.999567176465046  
	0.99958713732256221  
	0.99958713732256221  
	0.99960712142048092  
	0.99960712142048092  
	0.99960712142048092  
	0.99962713130093483  
	0.99962713130093483  
	0.99964716994664748  
	0.99954723666316114  
	0.99966724089004533  
	0.99964716994664748  
	0.999567176465046  
	0.99954723666316114  
	0.99966724089004533  
	0.99962713130093483  
	0.99958713732256221  
	0.99964716994664748  
	0.99966724089004533  
	0.99964716994664748  
	0.99960712142048092  
	0.99954723666316114  
	0.99962713130093483  
	0.99962713130093483  
	0.999567176465046  
	0.99960712142048092  
	0.99960712142048092  
	0.99958713732256221  
	0.99964716994664748  
	0.99962713130093483  
	0.99960712142048092  
	0.99958713732256221  
	0.999567176465046  
	0.99958713732256221  
	0.99954723666316114  
	0.999567176465046  
	0.99960712142048092  
	0.99952731602509715  
	0.99962713130093483  
	0.99964716994664748  
	0.99950741290153455  
	0.99948752584562428  
	0.99946765358092338  
	0.99950741290153455  
	0.99942794902053056  
	0.99954723666316114  
	0.99952731602509715  
	0.99944779497545388  
	0.999567176465046  
	0.99966724089004533  
	0.99964716994664748  
	0.99954723666316114  
	0.99966724089004533  
	0.99968734835860606  
	0.99968734835860606  
	0.99970749747201437  
	0.99968734835860606  
	0.99960712142048092  
	0.99968734835860606  
	0.999567176465046  
	0.99968734835860606  
	0.99970749747201437  
	0.99962713130093483  
	0.99970749747201437  
	0.99958713732256221  
	0.99966724089004533  
	0.99899334482425273  
	0.99924978112521878  
	0.9993288803659206  
	0.99901304453563711  
	0.99903274787193053  
	0.99905245500230599  
	0.99907216610647087  
	0.99909188137558735  
	0.99911160101330188  
	0.9991313252368923  
	0.99915105427854889  
	0.99915105427854889  
	0.99917078838681073  
	0.99917078838681073  
	0.99919052782817741  
	0.99919052782817741  
	0.99921027288892994  
	0.99921027288892994  
	0.99923002387718352  
	0.99923002387718352  
	0.99924978112521878  
	0.99926954499212894  
	0.99926954499212894  
	0.99928931586684633  
	0.99928931586684633  
	0.9993090941716043  
	0.99930909417160418  
	0.99903274787193053  
	0.99907216610647087  
	0.99911160101330188  
	0.99901304453563711  
	0.99924978112521878  
	0.9993090941716043  
	0.99905245500230599  
	0.99907216610647087  
	0.99909188137558735  
	0.99909188137558735  
	0.99911160101330188  
	0.99911160101330188  
	0.9991313252368923  
	0.9991313252368923  
	0.9991313252368923  
	0.99915105427854889  
	0.99915105427854889  
	0.99915105427854889  
	0.99917078838681073  
	0.99917078838681073  
	0.99917078838681073  
	0.99919052782817741  
	0.99919052782817741  
	0.99919052782817741  
	0.99921027288892994  
	0.99921027288892994  
	0.99921027288892994  
	0.99923002387718352  
	0.99923002387718352  
	0.99923002387718352  
	0.99924978112521878  
	0.99924978112521878  
	0.99926954499212894  
	0.99926954499212883  
	0.99924978112521878  
	0.99928931586684633  
	0.99903274787193053  
	0.9991313252368923  
	0.99905245500230599  
	0.99926954499212894  
	0.99928931586684633  
	0.99905245500230599  
	0.99923002387718352  
	0.99926954499212894  
	0.99915105427854889  
	0.99909188137558735  
	0.9991313252368923  
	0.99919052782817741  
	0.99917078838681073  
	0.99923002387718352  
	0.99907216610647087  
	0.99924978112521878  
	0.99926954499212894  
	0.99928931586684622  
	0.99909188137558735  
	0.99919052782817741  
	0.99924978112521878  
	0.99911160101330188  
	0.99921027288892994  
	0.99923002387718352  
	0.99907216610647087  
	0.99909188137558735  
	0.99915105427854889  
	0.99921027288892994  
	0.99911160101330188  
	0.9991313252368923  
	0.99919052782817741  
	0.99924978112521878  
	0.99923002387718352  
	0.99921027288892994  
	0.99917078838681073  
	0.99915105427854889  
	0.99917078838681073  
	0.99915105427854889  
	0.99921027288892994  
	0.99919052782817741  
	0.99917078838681073  
	0.9991313252368923  
	0.99911160101330188  
	0.99919052782817741  
	0.99934867495119606  
	0.99950741290153455  
	0.99921027288892994  
	0.99923002387718352  
	0.99924978112521878  
	0.99926954499212894  
	0.99928931586684622  
	0.9993090941716043  
	0.9993288803659206  
	0.99936847847604648  
	0.99938829154251441  
	0.99940811481334391  
	0.99942794902053056  
	0.99944779497545388  
	0.99946765358092338  
	0.99948752584562428  
	0.99923002387718352  
	0.99926954499212894  
	0.9993090941716043  
	0.99934867495119606  
	0.99938829154251441  
	0.99942794902053056  
	0.99946765358092338  
	0.99921027288892994  
	0.99948752584562428  
	0.99934867495119606  
	0.99924978112521878  
	0.99926954499212894  
	0.99928931586684633  
	0.99928931586684633  
	0.9993090941716043  
	0.9993090941716043  
	0.9993288803659206  
	0.9993288803659206  
	0.99932888036592049  
	0.99934867495119606  
	0.99934867495119606  
	0.99936847847604648  
	0.99936847847604648  
	0.99936847847604637  
	0.99938829154251441  
	0.99938829154251441  
	0.99940811481334391  
	0.99940811481334391  
	0.99942794902053056  
	0.99944779497545388  
	0.99934867495119606  
	0.99923002387718352  
	0.99946765358092338  
	0.99924978112521878  
	0.99944779497545388  
	0.99936847847604648  
	0.99924978112521878  
	0.99944779497545388  
	0.9993288803659206  
	0.99928931586684633  
	0.9993288803659206  
	0.99940811481334391  
	0.99926954499212894  
	0.99942794902053056  
	0.99934867495119595  
	0.99940811481334391  
	0.99938829154251441  
	0.99928931586684633  
	0.9993882915425143  
	0.9993090941716043  
	0.9993090941716043  
	0.99928931586684633  
	0.99926954499212894  
	0.99936847847604648  
	0.9993288803659206  
	0.99938829154251441  
	0.99942794902053056  
	0.99940811481334391  
	0.99934867495119606  
	0.99936847847604648  
	0.99936847847604648  
	0.99934867495119606  
	0.9993288803659206  
	0.99930909417160418  
	0.99917078838681073  
	0.99921027288892994  
	0.99926954499212883  
	0.9993090941716043  
	0.9993288803659206  
	0.99924978112521878  
	0.99919052782817741  
	0.99928931586684633  
	0.99923002387718352  
	0.99891457916849002  
	0.99893426588885637  
	0.99903274787193053  
	0.99915105427854889  
	0.99893426588885637  
	0.99893426588885637  
	0.99895395564725675  
	0.99895395564725675  
	0.99897364857830218  
	0.99897364857830218  
	0.99899334482425273  
	0.99899334482425273  
	0.99901304453563711  
	0.99903274787193053  
	0.99905245500230599  
	0.99905245500230599  
	0.99907216610647087  
	0.99907216610647087  
	0.99909188137558735  
	0.99909188137558735  
	0.99911160101330188  
	0.99911160101330188  
	0.9991313252368923  
	0.9991313252368923  
	0.99895395564725675  
	0.99901304453563711  
	0.99893426588885637  
	0.99899334482425273  
	0.99903274787193053  
	0.9991313252368923  
	0.99897364857830218  
	0.99897364857830218  
	0.99897364857830218  
	0.99899334482425273  
	0.99899334482425273  
	0.99899334482425273  
	0.99899334482425273  
	0.99901304453563711  
	0.99901304453563711  
	0.99901304453563711  
	0.99901304453563711  
	0.99903274787193053  
	0.99903274787193053  
	0.99903274787193053  
	0.99903274787193053  
	0.99905245500230599  
	0.99905245500230599  
	0.99905245500230599  
	0.99907216610647087  
	0.99907216610647087  
	0.99909188137558735  
	0.99901304453563711  
	0.99895395564725675  
	0.99905245500230599  
	0.99911160101330188  
	0.99895395564725675  
	0.99905245500230599  
	0.99909188137558735  
	0.99899334482425273  
	0.99895395564725675  
	0.99907216610647087  
	0.99911160101330188  
	0.99897364857830218  
	0.99901304453563711  
	0.99897364857830218  
	0.99903274787193053  
	0.99909188137558735  
	0.99907216610647087  
	0.99897364857830218  
	0.99899334482425273  
	0.99905245500230599  
	0.99899334482425273  
	0.99901304453563711  
	0.99901304453563711  
	0.99903274787193053  
	0.99909188137558735  
	0.99907216610647087  
	0.99901304453563711  
	0.99907216610647087  
	0.99905245500230599  
	0.99899334482425273  
	0.99897364857830218  
	0.99895395564725675  
	0.99907216610647087  
	0.99911160101330188  
	0.99909188137558735  
	0.99901304453563711  
	0.99905245500230599  
	0.99905245500230599  
	0.99903274787193053  
	0.99903274787193053  
	0.99903274787193053  
	0.99903274787193053  
	0.99901304453563711  
	0.99899334482425273  
	0.99895395564725675  
	0.99917078838681073  
	0.99923002387718352  
	0.99885553599281718  
	0.9988752143383538  
	0.99889489535863596  
	0.99891457916849002  
	0.99893426588885637  
	0.99893426588885637  
	0.99895395564725675  
	0.99897364857830218  
	0.99897364857830218  
	0.99899334482425273  
	0.99901304453563711  
	0.99903274787193053  
	0.99903274787193053  
	0.99905245500230599  
	0.99905245500230599  
	0.99907216610647087  
	0.99907216610647087  
	0.99909188137558735  
	0.99909188137558735  
	0.99911160101330188  
	0.99911160101330188  
	0.9991313252368923  
	0.9991313252368923  
	0.99915105427854889  
	0.99915105427854889  
	0.99917078838681073  
	0.99919052782817741  
	0.99921027288892994  
	0.99921027288892994  
	0.99889489535863596  
	0.99895395564725675  
	0.99899334482425273  
	0.99885553599281718  
	0.99893426588885637  
	0.99893426588885637  
	0.99893426588885637  
	0.99917078838681073  
	0.99921027288892994  
	0.99891457916849002  
	0.99893426588885637  
	0.99895395564725675  
	0.99897364857830218  
	0.99897364857830218  
	0.99899334482425273  
	0.99901304453563711  
	0.99903274787193053  
	0.99905245500230599  
	0.99907216610647087  
	0.99909188137558735  
	0.99911160101330188  
	0.9991313252368923  
	0.99915105427854889  
	0.99895395564725675  
	0.9988752143383538  
	0.99919052782817741  
	0.99895395564725675  
	0.9988752143383538  
	0.99919052782817741  
	0.99895395564725675  
	0.99895395564725675  
	0.99891457916849002  
	0.99899334482425273  
	0.99903274787193053  
	0.99907216610647087  
	0.99911160101330188  
	0.99915105427854889  
	0.99901304453563711  
	0.99917078838681073  
	0.99889489535863596  
	0.99919052782817741  
	0.99917078838681073  
	0.99889489535863596  
	0.99897364857830218  
	0.99905245500230599  
	0.99909188137558735  
	0.99915105427854889  
	0.9991313252368923  
	0.99891457916849002  
	0.99897364857830218  
	0.99899334482425273  
	0.99915105427854889  
	0.99917078838681073  
	0.99893426588885637  
	0.99891457916849002  
	0.99911160101330188  
	0.9991313252368923  
	0.99895395564725675  
	0.99893426588885637  
	0.99911160101330188  
	0.9991313252368923  
	0.99907216610647087  
	0.99909188137558735  
	0.99893426588885637  
	0.99907216610647087  
	0.99909188137558735  
	0.99905245500230599  
	0.99895395564725675  
	0.99897364857830218  
	0.99897364857830218  
	0.99905245500230599  
	0.99899334482425273  
	0.99903274787193053  
	0.99895395564725675  
	0.99897364857830218  
	0.99901304453563711  
	0.99903274787193053  
	0.99901304453563711  
	0.99901304453563711  
	0.99899334482425273  
	0.99907216610647087  
	0.99901304453563711  
	0.99915105427854889  
	0.99911160101330188  
	0.99897364857830218  
	0.99905245500230599  
	0.99909188137558735  
	0.99903274787193053  
	0.9991313252368923  
	0.99899334482425273  
	0.99919052782817741  
	0.99899334482425273  
	0.99917078838681073  
	0.99915105427854889  
	0.99923002387718352  
	0.99901304453563711  
	0.99907216610647087  
	0.99911160101330188  
	0.99909188137558735  
	0.99903274787193053  
	0.99921027288892994  
	0.9991313252368923  
	0.99897364857830218  
	0.99905245500230599  
	0.99950741290153455  
	0.99928931586684633  
	0.99934867495119606  
	0.99938829154251441  
	0.99952731602509715  
	0.99948752584562428  
	0.99932888036592049  
	0.99936847847604648  
	0.9993090941716043  
	0.99942794902053056  
	0.99926954499212894  
	0.99940811481334391  
	0.99924978112521878  
	0.99946765358092338  
	0.99944779497545388  
	0.99952731602509715  
	0.99962713130093483  
	0.99970749747201437  
	0.99980915601674369  
	0.99954723666316114  
	0.999567176465046  
	0.999567176465046  
	0.99958713732256221  
	0.99958713732256221  
	0.99960712142048092  
	0.99960712142048092  
	0.99962713130093483  
	0.99964716994664748  
	0.99964716994664748  
	0.99966724089004533  
	0.99966724089004533  
	0.99968734835860606  
	0.99968734835860606  
	0.99970749747201437  
	0.99972769451509713  
	0.99974794732470762  
	0.99974794732470762  
	0.99976826585324119  
	0.99976826585324119  
	0.99978866301622382  
	0.99978866301622382  
	0.99954723666316114  
	0.99962713130093483  
	0.99970749747201437  
	0.99978866301622382  
	0.99958713732256221  
	0.99960712142048092  
	0.99960712142048092  
	0.99962713130093483  
	0.99962713130093483  
	0.99962713130093483  
	0.99964716994664748  
	0.99964716994664748  
	0.99964716994664748  
	0.99966724089004533  
	0.99966724089004533  
	0.99966724089004533  
	0.99968734835860606  
	0.99968734835860606  
	0.99968734835860606  
	0.99970749747201437  
	0.99970749747201437  
	0.99972769451509713  
	0.99972769451509713  
	0.99974794732470762  
	0.999567176465046  
	0.99976826585324119  
	0.99964716994664748  
	0.99972769451509713  
	0.99968734835860606  
	0.99972769451509713  
	0.999567176465046  
	0.99976826585324119  
	0.99970749747201437  
	0.99960712142048092  
	0.99960712142048092  
	0.99964716994664748  
	0.99958713732256221  
	0.99976826585324119  
	0.99968734835860606  
	0.99962713130093483  
	0.99970749747201437  
	0.99974794732470762  
	0.99958713732256221  
	0.99960712142048092  
	0.99970749747201437  
	0.99974794732470762  
	0.99964716994664748  
	0.99962713130093483  
	0.99966724089004533  
	0.99972769451509713  
	0.99974794732470762  
	0.99972769451509713  
	0.99962713130093483  
	0.99960712142048092  
	0.99958713732256221  
	0.99964716994664748  
	0.99966724089004533  
	0.99968734835860606  
	0.99966724089004533  
	0.99966724089004533  
	0.99970749747201437  
	0.99962713130093483  
	0.99974794732470762  
	0.99972769451509713  
	0.99964716994664748  
	0.99968734835860606  
	0.99970749747201437  
	0.99968734835860606  
	0.99966724089004533  
	0.9993882915425143  
	0.99950741290153455  
	0.99968734835860606  
	0.99940811481334391  
	0.99940811481334391  
	0.99942794902053056  
	0.99944779497545388  
	0.99944779497545388  
	0.99946765358092338  
	0.99946765358092338  
	0.99948752584562428  
	0.99948752584562428  
	0.99952731602509715  
	0.99954723666316114  
	0.999567176465046  
	0.99958713732256221  
	0.99960712142048092  
	0.99960712142048092  
	0.99962713130093483  
	0.99964716994664748  
	0.99964716994664748  
	0.99966724089004533  
	0.99954723666316114  
	0.99962713130093483  
	0.99966724089004533  
	0.99942794902053056  
	0.99950741290153455  
	0.99950741290153455  
	0.99958713732256221  
	0.99944779497545388  
	0.99946765358092338  
	0.99946765358092338  
	0.99948752584562428  
	0.99948752584562428  
	0.99948752584562428  
	0.99950741290153455  
	0.99950741290153455  
	0.99950741290153455  
	0.99952731602509715  
	0.99952731602509715  
	0.99952731602509715  
	0.99952731602509715  
	0.99954723666316114  
	0.99954723666316114  
	0.99954723666316114  
	0.999567176465046  
	0.999567176465046  
	0.999567176465046  
	0.99958713732256221  
	0.99958713732256221  
	0.99960712142048092  
	0.99966724089004533  
	0.9994081148133438  
	0.99950741290153455  
	0.99964716994664748  
	0.99942794902053056  
	0.99948752584562428  
	0.99948752584562428  
	0.99964716994664748  
	0.99942794902053056  
	0.99962713130093483  
	0.99962713130093483  
	0.99944779497545388  
	0.99952731602509715  
	0.999567176465046  
	0.999567176465046  
	0.99960712142048092  
	0.99950741290153455  
	0.99944779497545388  
	0.99958713732256221  
	0.99950741290153455  
	0.99948752584562428  
	0.99944779497545388  
	0.99960712142048092  
	0.99960712142048092  
	0.99954723666316114  
	0.99946765358092338  
	0.99958713732256221  
	0.999567176465046  
	0.99946765358092338  
	0.99948752584562428  
	0.999567176465046  
	0.99958713732256221  
	0.99946765358092338  
	0.99946765358092338  
	0.99952731602509715  
	0.99954723666316114  
	0.99954723666316114  
	0.99952731602509715  
	0.99950741290153455  
	0.99948752584562428  
	0.99952731602509715  
	0.99954723666316114  
	0.99952731602509715  
	0.99950741290153455  
	0.99964716994664748  
	0.99952731602509715  
	0.99966724089004533  
	0.99958713732256221  
	0.99960712142048092  
	0.99962713130093483  
	0.99954723666316114  
	0.999567176465046  
	0.99968734835860606  
	0.99968734835860606  
	0.99993689896088589  
	0.99964716994664748  
	0.99964716994664748  
	0.99966724089004533  
	0.99966724089004533  
	0.99970749747201437  
	0.99972769451509713  
	0.99974794732470762  
	0.99976826585324119  
	0.99978866301622382  
	0.99980915601674369  
	0.99982976851329053  
	0.99985053437848326  
	0.9998715047143788  
	0.99989276229403135  
	0.99991445568666304  
	0.9999610012811726  
	0.9999610012811726  
	0.99970749747201437  
	0.99974794732470762  
	0.99985053437848326  
	0.99989276229403135  
	0.99996100128117249  
	0.99964716994664748  
	0.99968734835860606  
	0.99978866301622382  
	0.99993689896088589  
	0.99996100128117249  
	0.99966724089004533  
	0.99968734835860606  
	0.99968734835860606  
	0.99970749747201437  
	0.99972769451509713  
	0.9998715047143788  
	0.99989276229403135  
	0.99991445568666304  
	0.99991445568666304  
	0.99993689896088589  
	0.99972769451509713  
	0.99993689896088589  
	0.99993689896088589  
	0.99966724089004533  
	0.99982976851329053  
	0.99968734835860606  
	0.9999610012811726  
	0.99991445568666304  
	0.99991445568666304  
	0.99964716994664748  
	0.99976826585324119  
	0.9998715047143788  
	0.99993689896088578  
	0.99966724089004533  
	0.99968734835860606  
	0.99976826585324119  
	0.99993689896088578  
	0.9999610012811726  
	0.99970749747201437  
	0.99989276229403135  
	0.99991445568666304  
	0.99989276229403135  
	0.99985053437848326  
	0.9998715047143788  
	0.99974794732470762  
	0.99970749747201437  
	0.99966724089004533  
	0.99968734835860606  
	0.99972769451509713  
	0.99974794732470762  
	0.99972769451509713  
	0.99970749747201437  
	0.99970749747201437  
	0.99980915601674369  
	0.99980915601674369  
	0.99991445568666304  
	0.99972769451509713  
	0.99972769451509713  
	0.99974794732470762  
	0.99974794732470762  
	0.99976826585324119  
	0.99976826585324119  
	0.99978866301622382  
	0.99978866301622382  
	0.99982976851329053  
	0.99982976851329053  
	0.99985053437848326  
	0.99985053437848326  
	0.9998715047143788  
	0.9998715047143788  
	0.99989276229403135  
	0.99989276229403135  
	0.99972769451509713  
	0.99980915601674369  
	0.99980915601674369  
	0.99989276229403135  
	0.99976826585324119  
	0.99976826585324119  
	0.99978866301622382  
	0.99978866301622382  
	0.99978866301622382  
	0.99980915601674369  
	0.99980915601674369  
	0.99982976851329053  
	0.99982976851329053  
	0.99982976851329053  
	0.99985053437848326  
	0.99985053437848326  
	0.99974794732470762  
	0.99980915601674369  
	0.99980915601674369  
	0.9998715047143788  
	0.99974794732470762  
	0.99982976851329053  
	0.99982976851329053  
	0.9998715047143788  
	0.99976826585324119  
	0.99976826585324119  
	0.99985053437848326  
	0.99985053437848326  
	0.99978866301622382  
	0.99982976851329053  
	0.99974794732470762  
	0.99976826585324119  
	0.99985053437848326  
	0.9998715047143788  
	0.99978866301622382  
	0.99982976851329053  
	0.99980915601674369  
	0.99980915601674369  
	0.99980915601674369  
	0.99978866301622382  
	0.99978866301622382  
	0.9998715047143788  
	0.99970749747201437  
	0.99976826585324119  
	0.99978866301622382  
	0.99989276229403135  
	0.99974794732470762  
	0.99980915601674369  
	0.99991445568666304  
	0.99972769451509713  
	0.99982976851329053  
	0.99985053437848326  
	0.99976826585324119  
	0.99982976851329053  
	0.99996100128117249  
	0.9999610012811726  
	0.99978866301622382  
	0.99978866301622382  
	0.99980915601674369  
	0.99980915601674369  
	0.99982976851329053  
	0.99982976851329053  
	0.99985053437848326  
	0.99985053437848326  
	0.9998715047143788  
	0.9998715047143788  
	0.99989276229403135  
	0.99989276229403135  
	0.99991445568666304  
	0.99991445568666304  
	0.99993689896088578  
	0.99993689896088589  
	0.99985053437848326  
	0.9999610012811726  
	0.99996100128117249  
	0.9999610012811726  
	0.99996100128117249  
	0.9999610012811726  
	0.9999610012811726  
	0.99996100128117249  
	0.9999610012811726  
	0.99996100128117249  
	0.99996100128117249  
	0.9999610012811726  
	0.99978866301622382  
	0.99982976851329053  
	0.99982976851329053  
	0.99985053437848326  
	0.99985053437848326  
	0.99985053437848326  
	0.9998715047143788  
	0.9998715047143788  
	0.9998715047143788  
	0.9998715047143788  
	0.9998715047143788  
	0.99989276229403135  
	0.99989276229403135  
	0.99989276229403135  
	0.99989276229403135  
	0.99989276229403135  
	0.99989276229403135  
	0.99991445568666304  
	0.99991445568666304  
	0.99991445568666304  
	0.99991445568666304  
	0.99991445568666304  
	0.99991445568666304  
	0.99991445568666304  
	0.99993689896088578  
	0.99993689896088589  
	0.99993689896088578  
	0.99993689896088578  
	0.99993689896088589  
	0.99993689896088589  
	0.99993689896088589  
	0.99993689896088589  
	0.99980915601674369  
	0.99993689896088589  
	0.99993689896088578  
	0.99985053437848326  
	0.99996100128117249  
	0.9999610012811726  
	0.99980915601674369  
	0.99991445568666304  
	0.99991445568666304  
	0.99980915601674369  
	0.9998715047143788  
	0.99985053437848326  
	0.99996100128117249  
	0.9999610012811726  
	0.99993689896088578  
	0.99993689896088589  
	0.99982976851329053  
	0.9999610012811726  
	0.99989276229403135  
	0.99991445568666304  
	0.99993689896088578  
	0.99982976851329053  
	0.99993689896088589  
	0.9999610012811726  
	0.99989276229403135  
	0.99991445568666304  
	0.99985053437848326  
	0.99989276229403135  
	0.99991445568666304  
	0.99993689896088589  
	0.99991445568666304  
	0.9998715047143788  
	0.99989276229403135  
	0.9998715047143788  
	0.9998715047143788  
	0.99989276229403135  
	0.99989276229403135  
	0.99991445568666304  
	0.9999610012811726  
	0.99993689896088589  
	0.9998715047143788  
	0.99985053437848326  
	0.99982976851329053  
	0.9998715047143788  
	0.99996100128117249  
	0.99993689896088578  
	0.99991445568666304  
	0.99989276229403135  
	0.99985053437848326  
	0.9998715047143788  
	0.99982976851329053  
	0.9999610012811726  
	0.99993689896088589  
	0.99991445568666304  
	0.99985053437848326  
	0.99989276229403135  
	0.99976826585324119  
	0.99976826585324119  
	0.99980915601674369  
	0.99974794732470762  
	0.99964716994664748  
	0.99970749747201437  
	0.99966724089004533  
	0.99978866301622382  
	0.99968734835860606  
	0.99972769451509713  
	0.99978866301622382  
	0.99982976851329053  
	0.99980915601674369  
	0.99909188137558735  
	0.99923002387718352  
	0.99924978112521878  
	0.99936847847604648  
	0.99911160101330188  
	0.99911160101330188  
	0.9991313252368923  
	0.9991313252368923  
	0.99915105427854889  
	0.99915105427854889  
	0.99917078838681073  
	0.99917078838681073  
	0.99919052782817741  
	0.99919052782817741  
	0.99921027288892994  
	0.99924978112521878  
	0.99926954499212894  
	0.99926954499212894  
	0.99928931586684633  
	0.99928931586684633  
	0.9993090941716043  
	0.9993090941716043  
	0.9993288803659206  
	0.9993288803659206  
	0.99934867495119606  
	0.99934867495119606  
	0.99911160101330188  
	0.99921027288892994  
	0.99923002387718352  
	0.99934867495119606  
	0.99915105427854889  
	0.99915105427854889  
	0.99917078838681073  
	0.99917078838681073  
	0.99917078838681073  
	0.99919052782817741  
	0.99919052782817741  
	0.99919052782817741  
	0.99919052782817741  
	0.99921027288892994  
	0.99921027288892994  
	0.99921027288892994  
	0.99921027288892994  
	0.99923002387718352  
	0.99923002387718352  
	0.99923002387718352  
	0.99923002387718352  
	0.99924978112521878  
	0.99924978112521878  
	0.99924978112521878  
	0.99924978112521878  
	0.99926954499212894  
	0.99926954499212894  
	0.99926954499212894  
	0.99928931586684633  
	0.99928931586684633  
	0.9993090941716043  
	0.99926954499212894  
	0.9993090941716043  
	0.9991313252368923  
	0.9993288803659206  
	0.99923002387718352  
	0.99923002387718352  
	0.9991313252368923  
	0.9993288803659206  
	0.99921027288892994  
	0.99921027288892994  
	0.99915105427854889  
	0.99917078838681073  
	0.99926954499212894  
	0.9993090941716043  
	0.99919052782817741  
	0.99924978112521878  
	0.9991313252368923  
	0.99928931586684633  
	0.9993288803659206  
	0.99921027288892994  
	0.99924978112521878  
	0.99915105427854889  
	0.99926954499212894  
	0.99919052782817741  
	0.9993090941716043  
	0.99923002387718352  
	0.99917078838681073  
	0.99924978112521878  
	0.99928931586684633  
	0.99926954499212894  
	0.99917078838681073  
	0.99919052782817741  
	0.99923002387718352  
	0.99924978112521878  
	0.99926954499212894  
	0.99928931586684633  
	0.99928931586684633  
	0.99919052782817741  
	0.99921027288892994  
	0.99923002387718352  
	0.99924978112521878  
	0.99928931586684633  
	0.9993090941716043  
	0.99917078838681073  
	0.99915105427854889  
	0.99921027288892994  
	0.99926954499212894  
	0.99924978112521878  
	0.99924978112521878  
	0.99923002387718352  
	0.99923002387718352  
	0.99921027288892994  
	0.99919052782817741  
	0.99901304453563711  
	0.99903274787193053  
	0.99907216610647087  
	0.9991313252368923  
	0.99923002387718352  
	0.99901304453563711  
	0.99903274787193053  
	0.99903274787193053  
	0.99903274787193053  
	0.99905245500230599  
	0.99905245500230599  
	0.99905245500230599  
	0.99907216610647087  
	0.99907216610647087  
	0.99909188137558735  
	0.99911160101330188  
	0.9991313252368923  
	0.9991313252368923  
	0.99915105427854889  
	0.99915105427854889  
	0.99917078838681073  
	0.99917078838681073  
	0.99919052782817741  
	0.99919052782817741  
	0.99921027288892994  
	0.99905245500230599  
	0.99905245500230599  
	0.99909188137558735  
	0.99909188137558735  
	0.99911160101330188  
	0.99921027288892994  
	0.99901304453563711  
	0.99903274787193053  
	0.99905245500230599  
	0.99907216610647087  
	0.99921027288892994  
	0.99911160101330188  
	0.99905245500230599  
	0.99907216610647087  
	0.99907216610647087  
	0.99907216610647087  
	0.99907216610647087  
	0.99909188137558735  
	0.99909188137558735  
	0.99909188137558735  
	0.99909188137558735  
	0.99911160101330188  
	0.99911160101330188  
	0.99911160101330188  
	0.99911160101330188  
	0.99911160101330188  
	0.9991313252368923  
	0.9991313252368923  
	0.9991313252368923  
	0.9991313252368923  
	0.99915105427854889  
	0.99915105427854889  
	0.99915105427854889  
	0.99917078838681073  
	0.99917078838681073  
	0.99903274787193053  
	0.99907216610647087  
	0.99909188137558735  
	0.99921027288892994  
	0.99905245500230599  
	0.99907216610647087  
	0.99911160101330188  
	0.99915105427854889  
	0.99903274787193053  
	0.99907216610647087  
	0.99919052782817741  
	0.99909188137558735  
	0.99907216610647087  
	0.99907216610647087  
	0.99917078838681073  
	0.9991313252368923  
	0.99917078838681073  
	0.99905245500230599  
	0.99907216610647087  
	0.99905245500230599  
	0.99909188137558735  
	0.99919052782817741  
	0.99911160101330188  
	0.99909188137558735  
	0.99909188137558735  
	0.99911160101330188  
	0.99907216610647087  
	0.99905245500230599  
	0.99909188137558735  
	0.99911160101330188  
	0.99911160101330188  
	0.99919052782817741  
	0.99909188137558735  
	0.99915105427854889  
	0.99909188137558735  
	0.99907216610647087  
	0.99905245500230599  
	0.99917078838681073  
	0.9991313252368923  
	0.9991313252368923  
	0.99911160101330188  
	0.9991313252368923  
	0.99915105427854889  
	0.99915105427854889  
	0.99909188137558735  
	0.99919052782817741  
	0.99917078838681073  
	0.9991313252368923  
	0.99915105427854889  
	0.9991313252368923  
	0.99911160101330188  
	0.9991313252368923  
	0.99909188137558735  
	0.99917078838681073  
	0.99919052782817741  
	0.99915105427854889  
	0.99923002387718352  
	0.99911160101330188  
	0.99921027288892994  
	0.9993090941716043  
	0.99938829154251441  
	0.99962713130093483  
	0.9993288803659206  
	0.9993288803659206  
	0.99934867495119606  
	0.99934867495119606  
	0.99936847847604648  
	0.99936847847604648  
	0.99938829154251441  
	0.99940811481334391  
	0.99940811481334391  
	0.99942794902053056  
	0.99942794902053056  
	0.99944779497545388  
	0.99944779497545388  
	0.99946765358092338  
	0.99946765358092338  
	0.99948752584562428  
	0.99948752584562428  
	0.99950741290153455  
	0.99950741290153455  
	0.99952731602509715  
	0.99952731602509715  
	0.99954723666316114  
	0.999567176465046  
	0.99958713732256221  
	0.99960712142048092  
	0.999567176465046  
	0.99960712142048092  
	0.99960712142048092  
	0.9993288803659206  
	0.99938829154251441  
	0.99936847847604648  
	0.99936847847604648  
	0.99938829154251441  
	0.99938829154251441  
	0.99940811481334391  
	0.99940811481334391  
	0.99940811481334391  
	0.99942794902053056  
	0.99942794902053056  
	0.99942794902053056  
	0.99944779497545388  
	0.99944779497545388  
	0.99944779497545388  
	0.99946765358092338  
	0.99946765358092338  
	0.99946765358092338  
	0.99948752584562428  
	0.99948752584562428  
	0.99948752584562428  
	0.99950741290153455  
	0.99950741290153455  
	0.99950741290153455  
	0.99952731602509715  
	0.99952731602509715  
	0.99952731602509715  
	0.99954723666316114  
	0.99954723666316114  
	0.99954723666316114  
	0.999567176465046  
	0.999567176465046  
	0.99958713732256221  
	0.99958713732256221  
	0.99934867495119606  
	0.99938829154251441  
	0.99954723666316114  
	0.99960712142048092  
	0.99934867495119606  
	0.99940811481334391  
	0.99952731602509715  
	0.99958713732256221  
	0.99938829154251441  
	0.99944779497545388  
	0.99942794902053056  
	0.99948752584562428  
	0.99946765358092338  
	0.99952731602509715  
	0.99934867495119606  
	0.99958713732256221  
	0.999567176465046  
	0.99942794902053056  
	0.99948752584562428  
	0.99936847847604648  
	0.999567176465046  
	0.99936847847604648  
	0.99938829154251441  
	0.99954723666316114  
	0.99940811481334391  
	0.99944779497545388  
	0.99950741290153455  
	0.99940811481334391  
	0.99942794902053056  
	0.99938829154251441  
	0.99936847847604648  
	0.999567176465046  
	0.99960712142048092  
	0.99958713732256221  
	0.99954723666316114  
	0.99940811481334391  
	0.99942794902053056  
	0.99946765358092338  
	0.99946765358092338  
	0.99944779497545388  
	0.99950741290153455  
	0.99948752584562428  
	0.99950741290153455  
	0.99952731602509715  
	0.99944779497545388  
	0.99954723666316114  
	0.99952731602509715  
	0.99950741290153455  
	0.99948752584562428  
	0.99946765358092338  
	0.99915105427854889  
	0.99928931586684633  
	0.99948752584562428  
	0.99917078838681073  
	0.99917078838681073  
	0.99919052782817741  
	0.99921027288892994  
	0.99923002387718352  
	0.99924978112521878  
	0.99926954499212894  
	0.9993090941716043  
	0.9993288803659206  
	0.99934867495119606  
	0.99936847847604648  
	0.99938829154251441  
	0.99940811481334391  
	0.99942794902053056  
	0.99944779497545388  
	0.99946765358092338  
	0.99921027288892994  
	0.99924978112521878  
	0.99924978112521878  
	0.99928931586684633  
	0.9993288803659206  
	0.99936847847604648  
	0.99940811481334391  
	0.99944779497545388  
	0.99946765358092338  
	0.99917078838681073  
	0.99928931586684633  
	0.99921027288892994  
	0.99923002387718352  
	0.99923002387718352  
	0.99924978112521878  
	0.99924978112521878  
	0.99926954499212894  
	0.99926954499212894  
	0.99926954499212894  
	0.99926954499212883  
	0.99928931586684633  
	0.99928931586684633  
	0.99928931586684633  
	0.9993090941716043  
	0.9993090941716043  
	0.9993090941716043  
	0.99930909417160418  
	0.9993288803659206  
	0.9993288803659206  
	0.9993288803659206  
	0.99934867495119606  
	0.99934867495119606  
	0.99934867495119595  
	0.99936847847604648  
	0.99936847847604648  
	0.99938829154251441  
	0.9993882915425143  
	0.99940811481334391  
	0.99942794902053056  
	0.99919052782817741  
	0.99928931586684633  
	0.99944779497545388  
	0.99924978112521878  
	0.99919052782817741  
	0.99942794902053056  
	0.9993090941716043  
	0.99919052782817741  
	0.99942794902053056  
	0.9993288803659206  
	0.99923002387718352  
	0.99926954499212894  
	0.99934867495119606  
	0.99936847847604648  
	0.99921027288892994  
	0.99940811481334391  
	0.99940811481334391  
	0.99923002387718352  
	0.99926954499212894  
	0.99938829154251441  
	0.99924978112521878  
	0.99928931586684633  
	0.99936847847604637  
	0.99938829154251441  
	0.99921027288892994  
	0.99923002387718352  
	0.9993090941716043  
	0.99924978112521878  
	0.99926954499212894  
	0.99934867495119606  
	0.99926954499212894  
	0.99928931586684633  
	0.99936847847604648  
	0.99938829154251441  
	0.99928931586684622  
	0.99934867495119606  
	0.99926954499212894  
	0.99924978112521878  
	0.9993288803659206  
	0.99928931586684633  
	0.99934867495119606  
	0.99932888036592049  
	0.9993288803659206  
	0.9993090941716043  
	0.9993090941716043  
	0.9993090941716043  
	0.99946765358092338  
	0.99938829154251441  
	0.99948752584562428  
	0.99940811481334391  
	0.99936847847604648  
	0.9993090941716043  
	0.99942794902053056  
	0.99934867495119606  
	0.99950741290153455  
	0.99944779497545388  
	0.9993288803659206  
	0.99915105427854889  
	0.99923002387718352  
	0.99915105427854889  
	0.99924978112521878  
	0.99926954499212894  
	0.99928931586684633  
	0.99923002387718352  
	0.9993090941716043  
	0.9991313252368923  
	0.9993288803659206  
	0.99917078838681073  
	0.99919052782817741  
	0.99923002387718352  
	0.99934867495119606  
	0.99936847847604648  
	0.99921027288892994  
	0.99952731602509715  
	0.99942794902053056  
	0.99940811481334391  
	0.99958713732256221  
	0.99960712142048092  
	0.99962713130093483  
	0.99964716994664748  
	0.99948752584562428  
	0.99962713130093483  
	0.99954723666316114  
	0.99962713130093483  
	0.99938829154251441  
	0.999567176465046  
	0.99962713130093483  
	0.99946765358092338  
	0.99950741290153455  
	0.99944779497545388  
	0.99991445568666304  
	0.99911160101330188  
	0.9993288803659206  
	0.99924978112521878  
	0.99938829154251441  
	0.99980915601674369  
	0.99946765358092338  
	0.99993689896088578  
	0.99923002387718352  
	0.99996100128117249  
	0.99944779497545388  
	0.99934867495119606  
	0.99917078838681073  
	0.99985053437848326  
	0.999567176465046  
	0.99915105427854889  
	0.99928931586684633  
	0.9993090941716043  
	0.99919052782817741  
	0.99962713130093483  
	0.99966724089004533  
	0.9998715047143788  
	0.99940811481334391  
	0.99952731602509715  
	0.99948752584562428  
	0.99970749747201437  
	0.99942794902053056  
	0.99950741290153455  
	0.99974794732470762  
	0.99921027288892994  
	0.99978866301622382  
	0.99968734835860606  
	0.99972769451509713  
	0.99907216610647087  
	0.99976826585324119  
	0.99909188137558735  
	0.99960712142048092  
	0.99926954499212894  
	0.99936847847604637  
	0.99989276229403135  
	0.99954723666316114  
	0.99982976851329053  
	0.99964716994664748  
	0.99958713732256221  
	0.9991313252368923  
	0.99905245500230599  
	0.99899334482425273  
	0.99903274787193053  
	0.99903274787193053  
	0.99901304453563711  
	0.99893426588885637  
	0.99897364857830218  
	0.99895395564725675  
	0.99907216610647087  
	0.9988752143383538  
	0.99893426588885637  
	0.99899334482425273  
	0.99901304453563711  
	0.99893426588885637  
	0.99889489535863596  
	0.99893426588885637  
	0.99891457916849002  
	0.99905245500230599  
	0.99905245500230599  
	0.99891457916849002  
	0.99891457916849002  
	0.99899334482425273  
	0.99901304453563711  
	0.99903274787193053  
	0.99883586021289117  
	0.99901304453563711  
	0.99893426588885637  
	0.99891457916849002  
	0.99903274787193053  
	0.99883586021289117  
	0.99903274787193053  
	0.99891457916849002  
	0.99901304453563711  
	0.99891457916849002  
	0.99895395564725675  
	0.99905245500230599  
	0.99891457916849002  
	0.99885553599281718  
	0.99899334482425273  
	0.99897364857830218  
	0.99889489535863596  

