Writing matrix 'Transport final solution' (4000 x 1):
	0.024353965717640706  
	0.042971108039634609  
	0.045277580648747984  
	0.99417913186281903  
	0.026704648970581016  
	0.026704648970581009  
	0.029046310413436423  
	0.029046310413436506  
	0.031380441696614463  
	0.031380441696614518  
	0.033708193148653365  
	0.033708193148653351  
	0.036030471471063655  
	0.036030471471063676  
	0.038348004615698775  
	0.040661386425822767  
	0.042971108039634706  
	0.04527758064874788  
	0.0475811912282968  
	0.047581191228296772  
	0.047581191228296932  
	0.05067420092860591  
	0.050674200928608117  
	0.58468214479880098  
	0.58468214479921499  
	0.040661386425822767  
	0.045277580648747963  
	0.045277580648747873  
	0.045277580648747991  
	0.047581191228296869  
	0.026704648970580915  
	0.042971108039634595  
	0.58468214479894731  
	0.031380441696614525  
	0.031380441696614497  
	0.033708193148653386  
	0.033708193148653316  
	0.033708193148653399  
	0.036030471471063641  
	0.036030471471063745  
	0.036030471471063703  
	0.036030471471063689  
	0.038348004615698754  
	0.038348004615698823  
	0.03834800461569874  
	0.038348004615698886  
	0.038348004615698775  
	0.04066138642582276  
	0.040661386425822746  
	0.040661386425822857  
	0.040661386425822781  
	0.040661386425822794  
	0.042971108039634616  
	0.042971108039634671  
	0.04297110803963456  
	0.04297110803963472  
	0.045277580648747894  
	0.045277580648747894  
	0.045277580648748018  
	0.047581191228296835  
	0.047581191228296869  
	0.045277580648747942  
	0.029046310413436402  
	0.042971108039634609  
	0.050674200928657098  
	0.038348004615698816  
	0.045277580648747963  
	0.029046310413436468  
	0.045277580648747894  
	0.050674200928608186  
	0.036030471471063606  
	0.031380441696614497  
	0.036030471471063669  
	0.042971108039634609  
	0.031380441696614511  
	0.040661386425822767  
	0.050674200928689926  
	0.04297110803963463  
	0.047581191228296842  
	0.042971108039634678  
	0.045277580648747838  
	0.045277580648747859  
	0.047581191228296786  
	0.042971108039634651  
	0.040661386425822725  
	0.038348004615698837  
	0.042971108039634623  
	0.033708193148653386  
	0.03370819314865333  
	0.040661386425822836  
	0.042971108039634665  
	0.045277580648748018  
	0.038348004615698886  
	0.033708193148653434  
	0.036030471471063773  
	0.038348004615698775  
	0.040661386425822732  
	0.045277580648747956  
	0.047581191228296932  
	0.031380441696614421  
	0.029046310413436499  
	0.036030471471063655  
	0.04297110803963472  
	0.040661386425822732  
	0.040661386425822788  
	0.038348004615698809  
	0.038348004615698775  
	0.036030471471063676  
	0.033708193148653441  
	0.021992275068115383  
	0.047581191228296862  
	0.047581191228296904  
	0.0044939287676555341  
	0.0044939287676555636  
	0.009857617007915636  
	0.014807172987763371  
	0.017223777469629723  
	0.019616847705355687  
	0.024353965717640858  
	0.026704648970581002  
	0.029046310413436402  
	0.031380441696614476  
	0.033708193148653413  
	0.04066138642582276  
	0.042971108039634678  
	0.045277580648747921  
	0.0044939287676555644  
	0.0098576170079156915  
	0.014807172987763455  
	0.019616847705355645  
	0.024353965717640806  
	0.029046310413436485  
	0.033708193148653427  
	0.036030471471063683  
	0.038348004615698823  
	0.042971108039634671  
	0.045277580648747991  
	0.0072713506517317434  
	0.012357493578022691  
	0.021992275068115408  
	0.0072713506517317747  
	0.0098576170079156308  
	0.012357493578022743  
	0.014807172987763451  
	0.017223777469629713  
	0.017223777469629727  
	0.017223777469629661  
	0.019616847705355545  
	0.019616847705355649  
	0.019616847705355631  
	0.021992275068115345  
	0.021992275068115387  
	0.02199227506811538  
	0.02435396571764073  
	0.02435396571764081  
	0.02435396571764081  
	0.026704648970580978  
	0.026704648970580971  
	0.026704648970580992  
	0.029046310413436485  
	0.02904631041343652  
	0.031380441696614525  
	0.031380441696614504  
	0.033708193148653393  
	0.03603047147106371  
	0.038348004615698809  
	0.040661386425822822  
	0.021992275068115373  
	0.042971108039634685  
	0.0044939287676555887  
	0.0072713506517317747  
	0.038348004615698809  
	0.040661386425822822  
	0.024353965717640823  
	0.040661386425822829  
	0.019616847705355631  
	0.0072713506517317903  
	0.0098576170079156915  
	0.012357493578022728  
	0.017223777469629706  
	0.026704648970580985  
	0.029046310413436447  
	0.038348004615698809  
	0.021992275068115283  
	0.0044939287676555636  
	0.0072713506517317764  
	0.03603047147106371  
	0.0098576170079156516  
	0.036030471471063717  
	0.012357493578022731  
	0.03370819314865342  
	0.033708193148653379  
	0.014807172987763451  
	0.01722377746962964  
	0.031380441696614539  
	0.012357493578022731  
	0.014807172987763455  
	0.019616847705355614  
	0.029046310413436523  
	0.031380441696614483  
	0.012357493578022759  
	0.0098576170079156481  
	0.014807172987763469  
	0.026704648970581002  
	0.01722377746962973  
	0.029046310413436499  
	0.031380441696614497  
	0.019616847705355652  
	0.026704648970581009  
	0.014807172987763451  
	0.017223777469629695  
	0.024353965717640823  
	0.019616847705355663  
	0.026704648970580912  
	0.024353965717640813  
	0.024353965717640796  
	0.021992275068115373  
	0.021992275068115373  
	0.021992275068115359  
	0.038348004615698837  
	0.031380441696614421  
	0.03370819314865342  
	0.036030471471063745  
	0.029046310413436506  
	0.042971108039634665  
	0.045277580648747977  
	0.024353965717640789  
	0.026704648970581047  
	0.040661386425822843  
	0.004493928767655613  
	0.031380441696614428  
	0.0044939287676555887  
	0.012357493578022726  
	0.014807172987763495  
	0.014807172987763448  
	0.017223777469629671  
	0.019616847705355631  
	0.021992275068115328  
	0.024353965717640758  
	0.024353965717640785  
	0.026704648970580919  
	0.026704648970580953  
	0.029046310413436423  
	0.029046310413436437  
	0.0044939287676555922  
	0.0044939287676555896  
	0.0044939287676556156  
	0.0044939287676555644  
	0.0044939287676555644  
	0.0044939287676555332  
	0.0098576170079156655  
	0.0072713506517317556  
	0.017223777469629699  
	0.019616847705355597  
	0.021992275068115314  
	0.029046310413436454  
	0.007271350651731759  
	0.0072713506517317365  
	0.007271350651731759  
	0.0072713506517317747  
	0.0072713506517317521  
	0.0098576170079156568  
	0.0098576170079156568  
	0.0098576170079156516  
	0.0098576170079156342  
	0.0098576170079156308  
	0.012357493578022715  
	0.012357493578022707  
	0.012357493578022715  
	0.012357493578022726  
	0.012357493578022721  
	0.014807172987763469  
	0.014807172987763462  
	0.014807172987763451  
	0.01480717298776343  
	0.01722377746962965  
	0.017223777469629657  
	0.01722377746962965  
	0.019616847705355628  
	0.0196168477053556  
	0.021992275068115321  
	0.021992275068115349  
	0.024353965717640758  
	0.024353965717640817  
	0.012357493578022724  
	0.026704648970580967  
	0.0072713506517317556  
	0.0196168477053556  
	0.021992275068115304  
	0.0072713506517317851  
	0.026704648970580936  
	0.0044939287676555644  
	0.0044939287676555931  
	0.01722377746962964  
	0.024353965717640751  
	0.0044939287676556148  
	0.024353965717640785  
	0.0098576170079156533  
	0.012357493578022743  
	0.019616847705355597  
	0.0098576170079156516  
	0.0098576170079156603  
	0.0072713506517317504  
	0.0072713506517317486  
	0.0044939287676555341  
	0.012357493578022721  
	0.012357493578022703  
	0.021992275068115331  
	0.017223777469629647  
	0.0072713506517317764  
	0.0098576170079156308  
	0.0098576170079156533  
	0.014807172987763424  
	0.014807172987763424  
	0.026704648970580953  
	0.024353965717640785  
	0.014807172987763462  
	0.007271350651731759  
	0.0044939287676555887  
	0.012357493578022724  
	0.021992275068115325  
	0.019616847705355586  
	0.017223777469629657  
	0.019616847705355624  
	0.0098576170079156516  
	0.0072713506517317556  
	0.0044939287676555644  
	0.0098576170079156568  
	0.021992275068115331  
	0.019616847705355604  
	0.01722377746962965  
	0.017223777469629664  
	0.014807172987763434  
	0.014807172987763451  
	0.014807172987763484  
	0.012357493578022707  
	0.012357493578022734  
	0.033708193148653379  
	0.040661386425822781  
	0.0044939287676555332  
	0.0044939287676554985  
	0.012357493578022745  
	0.014807172987763441  
	0.014807172987763502  
	0.01722377746962965  
	0.017223777469629695  
	0.019616847705355597  
	0.019616847705355565  
	0.021992275068115349  
	0.024353965717640758  
	0.024353965717640754  
	0.026704648970580974  
	0.026704648970580967  
	0.029046310413436437  
	0.029046310413436454  
	0.031380441696614428  
	0.031380441696614449  
	0.033708193148653379  
	0.036030471471063669  
	0.036030471471063655  
	0.038348004615698796  
	0.038348004615698761  
	0.0044939287676555887  
	0.0044939287676555896  
	0.0044939287676556  
	0.0098576170079156446  
	0.0072713506517317139  
	0.0098576170079156429  
	0.021992275068115328  
	0.033708193148653386  
	0.038348004615698789  
	0.007271350651731727  
	0.0072713506517316862  
	0.0072713506517317781  
	0.0098576170079156481  
	0.0098576170079156464  
	0.012357493578022748  
	0.012357493578022741  
	0.012357493578022726  
	0.014807172987763479  
	0.01480717298776342  
	0.017223777469629623  
	0.017223777469629706  
	0.019616847705355607  
	0.019616847705355586  
	0.021992275068115318  
	0.024353965717640768  
	0.026704648970580957  
	0.026704648970580964  
	0.029046310413436464  
	0.029046310413436468  
	0.031380441696614449  
	0.031380441696614476  
	0.033708193148653372  
	0.0044939287676555792  
	0.033708193148653379  
	0.036030471471063662  
	0.0098576170079156394  
	0.0072713506517317287  
	0.0219922750681153  
	0.036030471471063648  
	0.007271350651731766  
	0.0044939287676555887  
	0.036030471471063648  
	0.0072713506517317868  
	0.024353965717640803  
	0.014807172987763469  
	0.014807172987763434  
	0.019616847705355617  
	0.02670464897058096  
	0.029046310413436437  
	0.033708193148653372  
	0.0044939287676555887  
	0.031380441696614456  
	0.033708193148653379  
	0.029046310413436461  
	0.031380441696614449  
	0.029046310413436464  
	0.031380441696614483  
	0.026704648970580978  
	0.024353965717640785  
	0.0072713506517317157  
	0.01722377746962965  
	0.0098576170079156672  
	0.021992275068115349  
	0.024353965717640761  
	0.021992275068115338  
	0.026704648970580967  
	0.024353965717640803  
	0.0219922750681153  
	0.017223777469629654  
	0.0196168477053556  
	0.019616847705355638  
	0.017223777469629661  
	0.019616847705355663  
	0.0044939287676555965  
	0.00727135065173174  
	0.0098576170079156984  
	0.012357493578022747  
	0.012357493578022688  
	0.012357493578022682  
	0.0098576170079156464  
	0.014807172987763476  
	0.017223777469629626  
	0.01480717298776341  
	0.012357493578022721  
	0.014807172987763451  
	0.024353965717640778  
	0.0072713506517317304  
	0.004493928767655535  
	0.012357493578022714  
	0.026704648970580981  
	0.019616847705355593  
	0.0098576170079156256  
	0.021992275068115311  
	0.017223777469629675  
	0.02904631041343644  
	0.031380441696614421  
	0.0098576170079155926  
	0.031380441696614463  
	0.0072713506517317556  
	0.040661386425822767  
	0.017223777469629744  
	0.036030471471063655  
	0.0219922750681153  
	0.012357493578022665  
	0.029046310413436444  
	0.019616847705355656  
	0.0044939287676554742  
	0.026704648970580964  
	0.014807172987763465  
	0.038348004615698796  
	0.024353965717640803  
	0.033708193148653365  
	0.026704648970580946  
	0.03370819314865333  
	0.004493928767655574  
	0.0044939287676555922  
	0.0072713506517317322  
	0.012357493578022677  
	0.014807172987763448  
	0.017223777469629643  
	0.017223777469629668  
	0.019616847705355548  
	0.021992275068115293  
	0.021992275068115356  
	0.024353965717640744  
	0.026704648970580933  
	0.029046310413436437  
	0.029046310413436475  
	0.031380441696614421  
	0.031380441696614435  
	0.004493928767655587  
	0.0044939287676555965  
	0.0044939287676555922  
	0.0123574935780227  
	0.0072713506517317426  
	0.019616847705355604  
	0.024353965717640806  
	0.031380441696614414  
	0.0072713506517317608  
	0.0072713506517317556  
	0.0072713506517317209  
	0.0098576170079156446  
	0.0098576170079156446  
	0.0098576170079156308  
	0.0098576170079156707  
	0.012357493578022688  
	0.012357493578022724  
	0.012357493578022695  
	0.014807172987763455  
	0.014807172987763465  
	0.014807172987763455  
	0.017223777469629668  
	0.017223777469629678  
	0.019616847705355579  
	0.019616847705355586  
	0.0219922750681153  
	0.021992275068115272  
	0.02435396571764074  
	0.026704648970580912  
	0.026704648970580936  
	0.029046310413436412  
	0.0044939287676555905  
	0.017223777469629668  
	0.0044939287676555922  
	0.0098576170079156481  
	0.026704648970580957  
	0.029046310413436433  
	0.024353965717640754  
	0.007271350651731759  
	0.0072713506517317209  
	0.014807172987763451  
	0.019616847705355555  
	0.024353965717640747  
	0.026704648970580908  
	0.029046310413436437  
	0.0098576170079156412  
	0.024353965717640726  
	0.0072713506517317573  
	0.012357493578022689  
	0.017223777469629675  
	0.021992275068115304  
	0.0044939287676555931  
	0.021992275068115321  
	0.0098576170079156273  
	0.012357493578022688  
	0.019616847705355555  
	0.012357493578022714  
	0.0219922750681153  
	0.026704648970580919  
	0.024353965717640758  
	0.0098576170079156342  
	0.019616847705355565  
	0.0072713506517317608  
	0.009857617007915662  
	0.019616847705355555  
	0.021992275068115304  
	0.012357493578022715  
	0.017223777469629682  
	0.0098576170079156429  
	0.0072713506517317677  
	0.0044939287676555948  
	0.014807172987763441  
	0.017223777469629699  
	0.017223777469629671  
	0.01480717298776342  
	0.014807172987763472  
	0.014807172987763455  
	0.01235749357802271  
	0.01722377746962965  
	0.036030471471063634  
	0.99417913186269713  
	0.019616847705355569  
	0.021992275068115293  
	0.024353965717640761  
	0.026704648970580915  
	0.029046310413436433  
	0.031380441696614442  
	0.033708193148653316  
	0.038348004615698726  
	0.040661386425822704  
	0.042971108039634512  
	0.045277580648747817  
	0.047581191228296765  
	0.050674200928628142  
	0.58468214479900138  
	0.021992275068115269  
	0.026704648970580898  
	0.031380441696614393  
	0.036030471471063599  
	0.040661386425822697  
	0.045277580648747762  
	0.050674200928658361  
	0.019616847705355548  
	0.58468214479878577  
	0.036030471471063641  
	0.024353965717640737  
	0.026704648970580929  
	0.029046310413436423  
	0.029046310413436447  
	0.031380441696614421  
	0.031380441696614414  
	0.033708193148653323  
	0.033708193148653337  
	0.033708193148653323  
	0.036030471471063606  
	0.036030471471063634  
	0.038348004615698726  
	0.038348004615698782  
	0.038348004615698754  
	0.040661386425822697  
	0.04066138642582269  
	0.042971108039634553  
	0.042971108039634588  
	0.045277580648747789  
	0.047581191228296731  
	0.036030471471063627  
	0.02199227506811529  
	0.050674200928606659  
	0.024353965717640712  
	0.047581191228296717  
	0.038348004615698733  
	0.02435396571764073  
	0.047581191228296703  
	0.033708193148653309  
	0.029046310413436437  
	0.033708193148653295  
	0.04297110803963456  
	0.026704648970580936  
	0.045277580648747741  
	0.036030471471063599  
	0.04297110803963454  
	0.040661386425822683  
	0.029046310413436392  
	0.040661386425822704  
	0.031380441696614449  
	0.031380441696614407  
	0.029046310413436412  
	0.026704648970580946  
	0.03834800461569874  
	0.033708193148653302  
	0.040661386425822739  
	0.045277580648747859  
	0.042971108039634553  
	0.036030471471063585  
	0.038348004615698719  
	0.038348004615698698  
	0.036030471471063669  
	0.033708193148653309  
	0.031380441696614414  
	0.014807172987763434  
	0.024353965717640733  
	0.017223777469629661  
	0.031380441696614435  
	0.019616847705355548  
	0.029046310413436437  
	0.026704648970580929  
	0.021992275068115307  
	0.033708193148653351  
	0.045277580648747894  
	0.99417913186281259  
	0.9966934518204853  
	0.99678439488490744  
	0.99682555897216485  
	0.047581191228296786  
	0.047581191228296814  
	0.05067420092860693  
	0.050674200928607825  
	0.5846821447990358  
	0.58468214479877911  
	0.99417913186261531  
	0.99417913186266904  
	0.99669345182040003  
	0.99674320030004582  
	0.996743200299958  
	0.99678439488496573  
	0.99682555897222369  
	0.99682555897222125  
	0.996866722249236  
	0.99686672224898865  
	0.99669345182054836  
	0.99678439488489257  
	0.99682555897222258  
	0.047581191228296807  
	0.99669345182037838  
	0.99678439488509429  
	0.99678439488495385  
	0.99686672224902462  
	0.58468214479872893  
	0.58468214479883363  
	0.99417913186256812  
	0.99417913186271412  
	0.99417913186283491  
	0.99669345182032487  
	0.99669345182046054  
	0.99669345182041214  
	0.99674320030005037  
	0.99674320029992391  
	0.99674320029989416  
	0.99678439488504023  
	0.99678439488480663  
	0.99682555897206171  
	0.05067420092860541  
	0.99669345182047597  
	0.99678439488489012  
	0.99674320030018659  
	0.99682555897209746  
	0.99669345182046853  
	0.99682555897215785  
	0.050674200928616173  
	0.99417913186282414  
	0.99674320029998198  
	0.050674200928716377  
	0.99674320030006025  
	0.99686672224899486  
	0.99417913186258389  
	0.99674320029998908  
	0.9967843948849564  
	0.58468214479888581  
	0.99669345182060032  
	0.99682555897207137  
	0.99674320030013197  
	0.58468214479887748  
	0.99417913186272155  
	0.99678439488483039  
	0.9968255589723114  
	0.99678439488490223  
	0.99674320029999541  
	0.99678439488479731  
	0.99669345182040781  
	0.99674320029990471  
	0.99669345182034486  
	0.58468214479905756  
	0.99678439488495185  
	0.99674320030004404  
	0.99669345182031399  
	0.99417913186279694  
	0.029046310413436447  
	0.038348004615698719  
	0.042971108039634595  
	0.58468214479885461  
	0.031380441696614483  
	0.031380441696614428  
	0.033708193148653379  
	0.033708193148653379  
	0.036030471471063662  
	0.036030471471063662  
	0.038348004615698747  
	0.040661386425822711  
	0.040661386425822774  
	0.042971108039634644  
	0.045277580648747873  
	0.045277580648747894  
	0.047581191228296814  
	0.047581191228296786  
	0.05067420092865637  
	0.05067420092860641  
	0.031380441696614449  
	0.038348004615698747  
	0.042971108039634602  
	0.050674200928641437  
	0.036030471471063696  
	0.036030471471063662  
	0.038348004615698775  
	0.038348004615698747  
	0.040661386425822767  
	0.040661386425822704  
	0.040661386425822746  
	0.042971108039634609  
	0.042971108039634588  
	0.045277580648747852  
	0.045277580648747894  
	0.033708193148653365  
	0.038348004615698802  
	0.042971108039634581  
	0.047581191228296765  
	0.033708193148653358  
	0.04066138642582276  
	0.045277580648747873  
	0.047581191228296786  
	0.038348004615698761  
	0.033708193148653386  
	0.042971108039634637  
	0.047581191228296807  
	0.036030471471063683  
	0.045277580648747845  
	0.036030471471063703  
	0.038348004615698796  
	0.04066138642582276  
	0.042971108039634595  
	0.036030471471063655  
	0.045277580648747866  
	0.040661386425822746  
	0.042971108039634581  
	0.040661386425822704  
	0.038348004615698747  
	0.05067420092860677  
	0.045277580648747866  
	0.0475811912282968  
	0.99417913186282658  
	0.58468214479899328  
	0.99417913186268192  
	0.99686672224914208  
	0.99715485781553126  
	0.996693451820308  
	0.99669345182054181  
	0.99674320029998043  
	0.99674320029994889  
	0.99678439488505932  
	0.99682555897226821  
	0.99690788496039762  
	0.99694904725332945  
	0.99699020927622062  
	0.99703137118320273  
	0.99707253313250366  
	0.99711369528740645  
	0.99682555897215641  
	0.9969078849602836  
	0.99699020927625248  
	0.99707253313252786  
	0.99711369528756677  
	0.99669345182038827  
	0.9968667222491967  
	0.99678439488478265  
	0.99678439488503767  
	0.99682555897213465  
	0.99682555897212244  
	0.99686672224896122  
	0.99686672224923289  
	0.99690788496025862  
	0.99690788496024674  
	0.99694904725301359  
	0.99694904725329359  
	0.99699020927621684  
	0.99703137118288754  
	0.99674320029996821  
	0.99686672224925965  
	0.99707253313237587  
	0.99678439488488724  
	0.99703137118303764  
	0.99674320030012653  
	0.99690788496045935  
	0.99703137118300766  
	0.99678439488485515  
	0.9969490472531144  
	0.99699020927611071  
	0.99694904725314415  
	0.9969078849601557  
	0.99674320029988628  
	0.99694904725311528  
	0.99699020927641124  
	0.99678439488487103  
	0.99686672224907524  
	0.99682555897233227  
	0.99682555897204161  
	0.99690788496043792  
	0.99686672224904416  
	0.99686672224905781  
	0.99682555897230862  
	0.040661386425822718  
	0.58468214479869818  
	0.5846821447988898  
	0.99682555897207992  
	0.042971108039634581  
	0.042971108039634581  
	0.045277580648747831  
	0.045277580648747824  
	0.047581191228296731  
	0.047581191228296849  
	0.050674200928605244  
	0.050674200928672898  
	0.99417913186265128  
	0.99417913186280249  
	0.99669345182056235  
	0.99669345182041935  
	0.99674320030008445  
	0.99674320030026731  
	0.99678439488495196  
	0.99678439488483594  
	0.04297110803963456  
	0.58468214479884295  
	0.58468214479869696  
	0.99678439488481585  
	0.047581191228296731  
	0.047581191228296738  
	0.050674200928651249  
	0.050674200928605841  
	0.050674200928606354  
	0.58468214479866343  
	0.58468214479887026  
	0.99417913186283402  
	0.99417913186259099  
	0.99417913186285145  
	0.99669345182046176  
	0.99669345182035074  
	0.045277580648747776  
	0.58468214479869351  
	0.58468214479878933  
	0.99674320029991148  
	0.045277580648747796  
	0.99417913186284346  
	0.99417913186273399  
	0.99674320029993058  
	0.047581191228296738  
	0.047581191228296751  
	0.99669345182050384  
	0.99669345182067814  
	0.050674200928605438  
	0.99417913186279949  
	0.045277580648747824  
	0.047581191228296717  
	0.99669345182033042  
	0.99674320030004449  
	0.050674200928614153  
	0.99417913186262308  
	0.58468214479889902  
	0.58468214479891578  
	0.58468214479864178  
	0.050674200928666313  
	0.050674200928628899  
	0.99674320030014696  
	0.99669345182036828  
	0.99417913186281603  
	0.99678439488499571  
	0.99682555897222069  
	0.047581191228296855  
	0.99669345182046343  
	0.58468214479876057  
	0.050674200928605445  
	0.045277580648747873  
	0.040661386425822683  
	0.042971108039634588  
	0.9941791318627019  
	0.99674320030000252  
	0.047581191228296731  
	0.58468214479877745  
	0.99669345182039848  
	0.042971108039634567  
	0.033708193148653337  
	0.038348004615698754  
	0.031380441696614476  
	0.050674200928667257  
	0.040661386425822683  
	0.045277580648747817  
	0.03603047147106362  
	0.029046310413436464  
	0.99417913186255524  
	0.033708193148653386  
	0.036030471471063655  
	0.031380441696614421  
	0.038348004615698789  
	0.0072713506517317573  
	0.024353965717640796  
	0.017223777469629706  
	0.0044939287676555592  
	0.014807172987763455  
	0.02904631041343644  
	0.045277580648747894  
	0.021992275068115331  
	0.040661386425822753  
	0.04297110803963463  
	0.026704648970580922  
	0.0098576170079156551  
	0.012357493578022729  
	0.047581191228296807  
	0.050674200928657709  
	0.019616847705355642  
	0.99417913186281937  
	0.58468214479895264  
	0.050674200928702971  
	0.050674200928606493  
	0.99669345182029545  
	0.99690788496018923  
	0.050674200928607555  
	0.050674200928644157  
	0.58468214479915137  
	0.5846821447988535  
	0.99417913186253593  
	0.99669345182062608  
	0.99674320029987096  
	0.99674320029993879  
	0.99678439488501269  
	0.99678439488509685  
	0.99682555897251734  
	0.9968255589721059  
	0.99686672224899786  
	0.99686672224931505  
	0.58468214479915348  
	0.58468214479910641  
	0.99417913186284379  
	0.050674200928638093  
	0.99674320029990315  
	0.99686672224898865  
	0.58468214479904801  
	0.99417913186280127  
	0.99417913186258799  
	0.99417913186281281  
	0.99417913186281881  
	0.99669345182073954  
	0.99669345182031543  
	0.99669345182035385  
	0.99674320029990549  
	0.99674320030021069  
	0.99678439488479864  
	0.99417913186285889  
	0.99669345182029334  
	0.58468214479914848  
	0.99682555897238556  
	0.58468214479896774  
	0.99674320030018793  
	0.99678439488524229  
	0.58468214479901626  
	0.99669345182032321  
	0.99417913186263518  
	0.99417913186258144  
	0.050674200928607326  
	0.99682555897206027  
	0.99669345182035696  
	0.99669345182051883  
	0.58468214479906233  
	0.99678439488512016  
	0.99669345182060243  
	0.99417913186284379  
	0.99417913186263063  
	0.58468214479900671  
	0.99674320030010088  
	0.99678439488484127  
	0.99674320029993413  
	0.99674320030032904  
	0.99682555897207537  
	0.99678439488480897  
	0.58468214479914438  
	0.9966934518206253  
	0.99674320029989705  
	0.9966934518203262  
	0.99417913186256968  
	0.9967432003001192  
	0.99690788496028437  
	0.99694904725305722  
	0.99715485781541469  
	0.99678439488497583  
	0.99678439488477777  
	0.9968255589721231  
	0.9968255589720677  
	0.99686672224929318  
	0.9968667222492138  
	0.99690788496065352  
	0.99694904725337929  
	0.9969902092763494  
	0.9969902092766586  
	0.99703137118300478  
	0.99703137118320984  
	0.99707253313264232  
	0.99707253313244626  
	0.99711369528776395  
	0.9971136952874502  
	0.99678439488502846  
	0.99682555897203906  
	0.99686672224916062  
	0.99694904725352418  
	0.99711369528743998  
	0.99686672224917483  
	0.99686672224896322  
	0.99690788496024862  
	0.99690788496043437  
	0.99690788496015847  
	0.99694904725323896  
	0.99694904725301547  
	0.99694904725304723  
	0.99699020927641802  
	0.99699020927612492  
	0.99703137118291141  
	0.9969490472532202  
	0.99703137118313745  
	0.99703137118294238  
	0.99682555897230163  
	0.9968667222489932  
	0.99690788496051064  
	0.99682555897224401  
	0.99690788496036142  
	0.99690788496041416  
	0.99707253313240973  
	0.9969490472531074  
	0.9968667222492319  
	0.99694904725328493  
	0.99707253313241451  
	0.99699020927621618  
	0.99690788496018645  
	0.9970313711829244  
	0.99699020927635851  
	0.99682555897204017  
	0.99686672224896522  
	0.99707253313272193  
	0.99703137118320562  
	0.99690788496016114  
	0.99699020927611992  
	0.9969902092764118  
	0.99699020927614956  
	0.99694904725301736  
	0.99694904725330513  
	0.99690788496037475  
	0.99686672224905004  
	0.99678439488480652  
	0.99682555897228198  
	0.99686672224944894  
	0.99690788496020022  
	0.99678439488477233  
	0.99674320029987429  
	0.99674320030010999  
	0.99686672224908923  
	0.99719602088886117  
	0.99723718468588207  
	0.99678439488512549  
	0.99682555897210645  
	0.99686672224930351  
	0.99690788496021576  
	0.99694904725338584  
	0.99699020927616089  
	0.9970313711829365  
	0.99707253313295885  
	0.99711369528775518  
	0.99715485781546354  
	0.99719602088920112  
	0.99719602088888715  
	0.99723718468585565  
	0.99727834939055204  
	0.99731951519179096  
	0.99736068228756936  
	0.99682555897229108  
	0.99690788496041638  
	0.99699020927638726  
	0.99707253313267397  
	0.9971548578159759  
	0.99715485781569213  
	0.99723718468585798  
	0.99723718468613098  
	0.99731951519203643  
	0.99719602088890713  
	0.99678439488501669  
	0.9973606822873704  
	0.99715485781572188  
	0.99682555897239333  
	0.99731951519224837  
	0.99690788496022975  
	0.99694904725338263  
	0.99694904725340561  
	0.99699020927618442  
	0.9969902092761832  
	0.99703137118328633  
	0.99703137118329543  
	0.99703137118333229  
	0.99707253313242983  
	0.99707253313245381  
	0.99707253313246169  
	0.99711369528746718  
	0.99711369528783533  
	0.99711369528785776  
	0.99711369528789684  
	0.99715485781543023  
	0.997154857815435  
	0.99715485781546953  
	0.9971960208892714  
	0.99719602088927295  
	0.99719602088933978  
	0.99723718468589373  
	0.99686672224932471  
	0.99727834939064464  
	0.99711369528800453  
	0.99723718468626921  
	0.9968667222492188  
	0.99727834939042503  
	0.99715485781542945  
	0.99686672224902662  
	0.99727834939017901  
	0.99707253313243083  
	0.99694904725307998  
	0.99703137118318086  
	0.99690788496053584  
	0.99723718468634104  
	0.9971136952874663  
	0.99719602088913906  
	0.99719602088892223  
	0.99694904725328015  
	0.99703137118293639  
	0.99699020927649185  
	0.9971548578158802  
	0.99707253313280764  
	0.99699020927652793  
	0.9969490472530852  
	0.99690788496050675  
	0.99703137118295537  
	0.997237184686253  
	0.99699020927649384  
	0.99703137118296037  
	0.9971960208888665  
	0.99715485781580593  
	0.99719602088888126  
	0.99711369528771698  
	0.9970725331328486  
	0.9970725331328083  
	0.99715485781583213  
	0.9971136952875026  
	0.99711369528747529  
	0.99678439488484194  
	0.99686672224902373  
	0.99711369528749716  
	0.9971548578154199  
	0.99699020927614723  
	0.99703137118345175  
	0.99669345182052715  
	0.99707253313271271  
	0.99674320030021135  
	0.99690788496052363  
	0.99682555897236913  
	0.99694904725304923  
	0.9974430211799723  
	0.99777247322767915  
	0.99748419340724448  
	0.99748419340690686  
	0.9975253677877931  
	0.99752536778751388  
	0.99756654455771865  
	0.99756654455796101  
	0.99760772396344732  
	0.99760772396379183  
	0.99764890626038194  
	0.99764890625989278  
	0.99769009171499434  
	0.9977312806069718  
	0.99773128060742111  
	0.99777247322772311  
	0.99781366988200315  
	0.99781366988179609  
	0.99785487089077518  
	0.99785487089007119  
	0.99789607658872137  
	0.99789607658887536  
	0.99793728732992926  
	0.99769009171481493  
	0.99793728733023168  
	0.99748419340692174  
	0.99781366988194953  
	0.99785487089006797  
	0.99756654455801619  
	0.99756654455762361  
	0.99760772396345421  
	0.99760772396314179  
	0.99760772396319064  
	0.99764890625987523  
	0.99764890626021796  
	0.99764890625979197  
	0.99764890626021729  
	0.99769009171505618  
	0.99769009171510981  
	0.99769009171478351  
	0.99769009171484202  
	0.99773128060732064  
	0.9977312806068015  
	0.99773128060717464  
	0.99773128060667893  
	0.99777247322758955  
	0.99777247322763829  
	0.99777247322733009  
	0.99781366988181563  
	0.9978136698822605  
	0.99785487089043323  
	0.99769009171546386  
	0.99789607658846458  
	0.99752536778746859  
	0.99777247322753204  
	0.99781366988161835  
	0.99777247322751939  
	0.99764890626053038  
	0.99789607658878587  
	0.99752536778744727  
	0.99781366988240749  
	0.99773128060714011  
	0.99785487089020564  
	0.99752536778779544  
	0.99760772396322495  
	0.9976900917153374  
	0.99769009171517165  
	0.99756654455765903  
	0.99785487089039082  
	0.99781366988173836  
	0.99760772396344022  
	0.99781366988199294  
	0.99756654455798122  
	0.99777247322722973  
	0.99764890625991853  
	0.99773128060695349  
	0.99777247322792628  
	0.99760772396350428  
	0.99773128060701188  
	0.99764890626018754  
	0.9977724732273715  
	0.99781366988206432  
	0.99785487089058933  
	0.99756654455769433  
	0.99760772396307928  
	0.99773128060678129  
	0.99777247322730389  
	0.99769009171476775  
	0.99764890626015923  
	0.99769009171473133  
	0.99764890625987124  
	0.99773128060677863  
	0.99777247322779083  
	0.99773128060707672  
	0.9976900917151954  
	0.99744302118026407  
	0.99789607658850632  
	0.99793728732991116  
	0.99801972545005879  
	0.99748419340742234  
	0.9975253677874486  
	0.99756654455819771  
	0.99760772396318587  
	0.99764890626038982  
	0.99773128060682303  
	0.99777247322740281  
	0.99781366988244924  
	0.99785487089054825  
	0.99785487089056357  
	0.99789607658899526  
	0.99793728733032594  
	0.99793728732998321  
	0.99797850348702766  
	0.99797850348711625  
	0.99752536778777279  
	0.99760772396342134  
	0.99769009171511103  
	0.99777247322774065  
	0.99789607658902779  
	0.99748419340724093  
	0.99769009171532586  
	0.99789607658883961  
	0.99797850348663764  
	0.99756654455809957  
	0.99760772396312947  
	0.99764890626046898  
	0.99764890626027447  
	0.99769009171476219  
	0.99773128060680139  
	0.99773128060722538  
	0.99777247322784501  
	0.99777247322787654  
	0.99781366988182985  
	0.99781366988188902  
	0.99781366988173315  
	0.99785487089023006  
	0.99785487089072877  
	0.99789607658846724  
	0.99789607658906831  
	0.99752536778794765  
	0.99797850348647421  
	0.99785487089066971  
	0.99756654455794802  
	0.99785487089082692  
	0.99793728733009379  
	0.99756654455766369  
	0.99781366988182807  
	0.99793728733051135  
	0.99789607658840118  
	0.99764890625989555  
	0.99773128060713678  
	0.99760772396354513  
	0.99793728732996023  
	0.99793728733051557  
	0.99789607658858004  
	0.99764890626014102  
	0.99785487089068214  
	0.99769009171482237  
	0.99785487089020308  
	0.99789607658902924  
	0.99777247322738993  
	0.9976900917152336  
	0.9978548708901086  
	0.9978136698823018  
	0.99769009171537071  
	0.99764890625983715  
	0.99760772396372632  
	0.99781366988226361  
	0.99773128060673777  
	0.99789607658853297  
	0.99785487089025093  
	0.99773128060728078  
	0.99781366988218911  
	0.99777247322781448  
	0.9977312806073152  
	0.99781366988232179  
	0.99777247322727936  
	0.99777247322738705  
	0.99723718468639777  
	0.99740185087953659  
	0.99760772396315789  
	0.99727834939048399  
	0.99727834939015148  
	0.99731951519178874  
	0.99736068228713737  
	0.99736068228753394  
	0.99740185087960609  
	0.99744302118000461  
	0.99748419340723915  
	0.99748419340737948  
	0.99752536778809553  
	0.99752536778747858  
	0.99756654455767502  
	0.9975665445580999  
	0.997319515191741  
	0.99744302117996919  
	0.99731951519208806  
	0.99740185087961097  
	0.99756654455767302  
	0.9973606822876494  
	0.99736068228754038  
	0.99740185087955469  
	0.99740185087963329  
	0.99744302118055972  
	0.99744302117997252  
	0.99748419340687577  
	0.99748419340733652  
	0.99744302118041306  
	0.99727834939070392  
	0.9974018508799336  
	0.99752536778747958  
	0.99731951519218598  
	0.9974018508800232  
	0.99731951519229578  
	0.99744302118032901  
	0.99752536778787615  
	0.99736068228707309  
	0.99744302118001538  
	0.99748419340752636  
	0.99748419340694372  
	0.99736068228745423  
	0.99744302118042472  
	0.99740185088016109  
	0.99748419340692163  
	0.99752536778744838  
	0.99744302117993011  
	0.99736068228714392  
	0.99740185088003797  
	0.99740185087956057  
	0.99736068228708097  
	0.99731951519173501  
	0.99756654455769223  
	0.9976077239636274  
	0.99748419340692307  
	0.99752536778798018  
	0.99744302118049133  
	0.99760772396318342  
	0.99769009171482981  
	0.99773128060677985  
	0.99752536778776413  
	0.99756654455826799  
	0.99764890625992131  
	0.99781366988217957  
	0.9974430211799491  
	0.99785487089020652  
	0.99777247322796847  
	0.99748419340694494  
	0.99731951519217776  
	0.99727834939018467  
	0.99727834939058269  
	0.99736068228714592  
	0.99740185087987454  
	0.99723718468617917  
	0.99740185088008138  
	0.99719602088941894  
	0.99723718468585187  
	0.99727834939015159  
	0.99694904725321631  
	0.99715485781563507  
	0.99756654455778593  
	0.99699020927637705  
	0.9969902092761761  
	0.99703137118323193  
	0.99703137118295981  
	0.99707253313251598  
	0.99707253313287414  
	0.99711369528774652  
	0.99711369528758187  
	0.99715485781550661  
	0.99719602088880355  
	0.99719602088901449  
	0.99723718468595857  
	0.99723718468635381  
	0.9972783493902635  
	0.99731951519180462  
	0.9973606822872737  
	0.99740185087984012  
	0.99744302118033501  
	0.99748419340704952  
	0.99752536778767842  
	0.9975253677877145  
	0.99731951519188589  
	0.99740185087971034  
	0.99699020927632331  
	0.99715485781554392  
	0.99752536778736944  
	0.9970725331326652  
	0.99707253313247057  
	0.9971136952877776  
	0.99711369528765093  
	0.99711369528750993  
	0.99715485781552049  
	0.99715485781568014  
	0.99715485781547208  
	0.99719602088917214  
	0.997196020889215  
	0.99719602088904913  
	0.99719602088895287  
	0.99723718468594635  
	0.99723718468593869  
	0.99723718468608746  
	0.99723718468588585  
	0.99727834939007831  
	0.99727834939045268  
	0.99727834939052595  
	0.99727834939034521  
	0.99731951519184803  
	0.99731951519188533  
	0.99731951519202466  
	0.99736068228702002  
	0.99736068228741559  
	0.99736068228743946  
	0.99740185087970334  
	0.99740185087972755  
	0.99744302117985595  
	0.99744302118026928  
	0.99748419340703298  
	0.99703137118311302  
	0.99715485781588453  
	0.99748419340710859  
	0.99727834939028404  
	0.9970313711829607  
	0.99719602088934878  
	0.99752536778758771  
	0.9972371846857836  
	0.99707253313273214  
	0.99715485781571578  
	0.99727834939019189  
	0.9973606822873422  
	0.99744302118010508  
	0.99748419340680561  
	0.99707253313246802  
	0.99744302118011163  
	0.99740185087947619  
	0.99711369528792793  
	0.99727834939024484  
	0.99711369528771543  
	0.99719602088896142  
	0.99723718468601918  
	0.99731951519208861  
	0.99744302118007355  
	0.99748419340719441  
	0.99715485781549462  
	0.99740185087990163  
	0.99711369528750193  
	0.99707253313261412  
	0.99703137118316487  
	0.99736068228720776  
	0.99736068228721653  
	0.99731951519170148  
	0.9971548578156022  
	0.99723718468592548  
	0.99719602088893855  
	0.99731951519206519  
	0.9974018508799336  
	0.99736068228725461  
	0.99719602088911852  
	0.99715485781575097  
	0.99711369528755489  
	0.99727834939027626  
	0.99731951519193485  
	0.99727834939039806  
	0.9972371846861956  
	0.99723718468614286  
	0.99719602088897652  
	0.99760772396342479  
	0.99773128060682015  
	0.99777247322744722  
	0.99723718468607603  
	0.99727834939027793  
	0.99731951519228701  
	0.99736068228720154  
	0.99740185087962596  
	0.99740185087986677  
	0.99744302118010197  
	0.99748419340717798  
	0.99752536778785927  
	0.99756654455777938  
	0.99764890625997249  
	0.99764890626015734  
	0.99769009171514444  
	0.99769009171490164  
	0.99773128060741301  
	0.99773128060702465  
	0.99727834939025783  
	0.99736068228722141  
	0.99748419340718297  
	0.99756654455796046  
	0.99769009171479439  
	0.99723718468595801  
	0.99760772396324349  
	0.99769009171510015  
	0.99773128060685978  
	0.99731951519198092  
	0.9973606822872304  
	0.99740185088016053  
	0.99740185087979694  
	0.9974430211800458  
	0.99744302118008299  
	0.99744302118008166  
	0.99748419340691963  
	0.99748419340750882  
	0.99748419340718464  
	0.9975253677875654  
	0.99752536778752421  
	0.9975253677875634  
	0.99752536778757384  
	0.99756654455798588  
	0.99756654455767635  
	0.99756654455825411  
	0.99756654455793348  
	0.99760772396321029  
	0.99760772396327591  
	0.99760772396320563  
	0.9976077239632678  
	0.99764890626046265  
	0.99764890626016567  
	0.99760772396353636  
	0.99769009171485323  
	0.99727834939038973  
	0.9976489062601982  
	0.99744302118024386  
	0.99760772396342001  
	0.99769009171492085  
	0.9973195151918649  
	0.99756654455807292  
	0.99769009171510847  
	0.99731951519187712  
	0.99752536778777223  
	0.99764890625998581  
	0.99764890625988589  
	0.99740185087967337  
	0.99736068228731378  
	0.99740185087969102  
	0.99748419340702565  
	0.99769009171488454  
	0.99764890625993041  
	0.99744302118022488  
	0.99764890625992431  
	0.99764890626026403  
	0.99760772396348274  
	0.99736068228767183  
	0.99740185087969624  
	0.99760772396342678  
	0.99752536778803713  
	0.99756654455775962  
	0.99748419340698424  
	0.9976077239631751  
	0.99764890625997893  
	0.99769009171542611  
	0.99744302118054184  
	0.99748419340699179  
	0.99756654455776139  
	0.99760772396375652  
	0.99756654455778104  
	0.99756654455772076  
	0.99752536778774969  
	0.9975253677877236  
	0.99752536778749124  
	0.99748419340696504  
	0.99744302118000827  
	0.9971960208891133  
	0.99727834939066884  
	0.99740185087971467  
	0.99756654455791338  
	0.99752536778757861  
	0.99736068228716324  
	0.99731951519187456  
	0.99744302118024231  
	0.99723718468598066  
	0.99748419340730698  
	0.99682555897245106  
	0.9969078849602  
	0.99690788496035354  
	0.99707253313262412  
	0.99686672224902229  
	0.99686672224909567  
	0.99690788496035576  
	0.99694904725308764  
	0.99694904725315681  
	0.99699020927656024  
	0.99699020927624971  
	0.99703137118304419  
	0.99703137118329188  
	0.99707253313262034  
	0.99711369528757499  
	0.99711369528785798  
	0.99715485781558166  
	0.99719602088911907  
	0.99719602088902193  
	0.9972371846860183  
	0.99727834939020144  
	0.9973195151917813  
	0.99736068228753305  
	0.99690788496035332  
	0.9969490472533119  
	0.99694904725305966  
	0.9972371846862107  
	0.99736068228711294  
	0.99686672224938944  
	0.9969490472532192  
	0.99707253313281385  
	0.99715485781565283  
	0.99694904725315203  
	0.9969490472531346  
	0.99699020927633042  
	0.9969902092763383  
	0.99699020927618676  
	0.99699020927614657  
	0.99703137118302099  
	0.99703137118320917  
	0.99703137118292773  
	0.99703137118311835  
	0.99707253313263799  
	0.99707253313245692  
	0.99707253313242572  
	0.99707253313256305  
	0.99711369528777283  
	0.99711369528748117  
	0.99711369528764782  
	0.99715485781547897  
	0.99715485781542312  
	0.99719602088888482  
	0.99727834939018978  
	0.99731951519216477  
	0.99690788496058824  
	0.99690788496022276  
	0.99731951519175033  
	0.99694904725345546  
	0.99727834939055393  
	0.99699020927626669  
	0.99711369528759819  
	0.99690788496028304  
	0.99719602088906911  
	0.99699020927625692  
	0.99727834939017912  
	0.99707253313253508  
	0.99694904725308586  
	0.99707253313253141  
	0.99694904725321687  
	0.99690788496029736  
	0.99723718468589739  
	0.99703137118311624  
	0.99723718468586342  
	0.99711369528759697  
	0.99699020927631876  
	0.99715485781574942  
	0.9969902092762406  
	0.99723718468587408  
	0.99703137118312701  
	0.99719602088889359  
	0.99699020927642212  
	0.9969490472532242  
	0.99703137118297203  
	0.99719602088921377  
	0.99719602088894299  
	0.99703137118304053  
	0.99703137118304785  
	0.99715485781545088  
	0.99707253313261124  
	0.99707253313271849  
	0.99711369528750915  
	0.99711369528768223  
	0.99699020927615478  
	0.99715485781557289  
	0.99715485781561908  
	0.99711369528745708  
	0.99707253313244482  
	0.99703137118292884  
	0.99694904725304179  
	0.99711369528753091  
	0.9976900917152286  
	0.99773128060662442  
	0.99773128060689809  
	0.9971548578156364  
	0.9971548578156425  
	0.99719602088927051  
	0.99719602088918047  
	0.99723718468600286  
	0.99723718468583578  
	0.99727834939033877  
	0.99727834939014504  
	0.99731951519193829  
	0.99736068228714569  
	0.99736068228710473  
	0.99740185087960109  
	0.99740185087992861  
	0.99744302117991179  
	0.99744302118029959  
	0.99748419340696148  
	0.99752536778773671  
	0.99756654455817129  
	0.99760772396339792  
	0.9976489062600572  
	0.99769009171511891  
	0.99752536778736189  
	0.99760772396304453  
	0.99769009171477896  
	0.99731951519173145  
	0.99715485781548763  
	0.99769009171464129  
	0.99723718468609146  
	0.99723718468607814  
	0.99727834939058557  
	0.9972783493902061  
	0.99727834939048055  
	0.99731951519191575  
	0.99731951519200568  
	0.9973195151920301  
	0.99736068228728825  
	0.99736068228756625  
	0.9973606822871548  
	0.99740185087980637  
	0.99740185087974598  
	0.99740185087982081  
	0.99744302118003025  
	0.99744302118011718  
	0.99744302118043682  
	0.99748419340690708  
	0.99748419340718431  
	0.99748419340709327  
	0.99752536778752299  
	0.99752536778763057  
	0.99756654455767146  
	0.99756654455792815  
	0.99760772396327213  
	0.99731951519173834  
	0.99719602088893489  
	0.99769009171491851  
	0.99748419340683359  
	0.99740185087989452  
	0.99748419340716576  
	0.99756654455786209  
	0.99727834939014381  
	0.99719602088909631  
	0.99764890625988756  
	0.9974430211799723  
	0.99760772396332464  
	0.99723718468625899  
	0.99731951519191442  
	0.99764890625972413  
	0.99731951519207718  
	0.99764890626000302  
	0.99736068228742769  
	0.99740185087964328  
	0.99719602088912573  
	0.99760772396315023  
	0.99736068228738406  
	0.9972371846858965  
	0.99727834939041526  
	0.99756654455776594  
	0.99740185087963096  
	0.99752536778794831  
	0.99736068228725272  
	0.99731951519180628  
	0.99727834939040538  
	0.99723718468614397  
	0.99727834939031679  
	0.99736068228734798  
	0.99731951519220663  
	0.9974018508800262  
	0.99744302118015349  
	0.99752536778748924  
	0.9975665445575167  
	0.9974841934073575  
	0.99744302118002137  
	0.99744302118022088  
	0.99748419340699068  
	0.99736068228730834  
	0.9976489062601499  
	0.99760772396343866  
	0.99744302118022921  
	0.99740185087975919  
	0.99752536778764878  
	0.99756654455784266  
	0.99752536778774137  
	0.99748419340708783  
	0.99736068228713126  
	0.99727834939033932  
	0.99711369528765936  
	0.99731951519180684  
	0.99740185087956279  
	0.99719602088903503  
	0.99715485781582713  
	0.99723718468602107  
	0.99748419340739636  
	0.99703137118335383  
	0.99707253313253741  
	0.99699020927618742  
	0.9974430211804175  
	0.99694904725306166  
	0.99736068228740049  
	0.99731951519202888  
	0.99740185088000699  
	0.99723718468609635  
	0.99715485781553237  
	0.99764890626029412  
	0.99760772396361241  
	0.99719602088898363  
	0.99752536778795819  
	0.99727834939041482  
	0.99756654455813576  
	0.99711369528767035  
	0.99748419340726679  
	0.99744302118031747  
	0.99723718468582168  
	0.99764890626007452  
	0.99769009171501333  
	0.99703137118313412  
	0.99711369528768656  
	0.99752536778752776  
	0.99727834939016469  
	0.99760772396367547  
	0.99690788496028715  
	0.99773128060710281  
	0.99694904725314515  
	0.99736068228706209  
	0.99731951519177786  
	0.9970725331325031  
	0.99756654455796656  
	0.99740185087959909  
	0.99699020927649451  
	0.9971960208888746  
	0.99715485781573665  
	0.99686672224915451  
	0.99682555897210146  
	0.99686672224914863  
	0.050674200928655759  
	0.99690788496018612  
	0.99719602088898873  
	0.99707253313270505  
	0.050674200928607548  
	0.99690788496022464  
	0.99686672224915029  
	0.99715485781535895  
	0.99674320030006835  
	0.9966934518205377  
	0.996784394885179  
	0.99694904725326261  
	0.99690788496019822  
	0.58468214479920033  
	0.99678439488486037  
	0.050674200928607534  
	0.047581191228296786  
	0.9941791318625397  
	0.99686672224900241  
	0.050674200928609713  
	0.047581191228296849  
	0.99686672224908357  
	0.99711369528753457  
	0.047581191228296953  
	0.99682555897217329  
	0.047581191228296876  
	0.04758119122829689  
	0.99699020927643989  
	0.99682555897223424  
	0.99703137118300711  
	0.05067420092860709  
	0.99690788496034977  
	0.99690788496044014  
	0.99682555897236158  
	0.99686672224908934  
	0.9968255589721593  
	0.047581191228296828  
	0.99905409287629776  
	0.99922103539829465  
	0.99938894764126862  
	0.99968777044367629  
	0.99909575935132011  
	0.99913746873838927  
	0.9991792256372255  
	0.99922103539817719  
	0.99926290429297127  
	0.99930483974087869  
	0.99934685061226991  
	0.9993468506112233  
	0.99938894764016262  
	0.9994311439972644  
	0.99943114399705013  
	0.99947345609585025  
	0.99951590476332741  
	0.99951590476151508  
	0.99955851702467124  
	0.99955851702190823  
	0.99960132885801456  
	0.99960132885835529  
	0.99964438973013958  
	0.99964438972958414  
	0.99913746873768106  
	0.99926290429350373  
	0.99938894764072439  
	0.99947345609386229  
	0.99909575935178851  
	0.99964438973012493  
	0.99917922563575556  
	0.99922103539884788  
	0.99926290429449327  
	0.99930483974092732  
	0.99930483974112316  
	0.99934685061146844  
	0.99934685061278505  
	0.9993468506112545  
	0.99938894764110286  
	0.99938894764107977  
	0.99938894764076724  
	0.99938894764134956  
	0.99943114399835176  
	0.99943114399861321  
	0.99943114399732103  
	0.99943114399765776  
	0.9994734560946813  
	0.99947345609402227  
	0.99947345609540283  
	0.99951590476398855  
	0.99951590476223839  
	0.99955851702372056  
	0.9994311439992617  
	0.99947345609345883  
	0.99913746873715381  
	0.99960132885742348  
	0.99951590476298113  
	0.99930483974114981  
	0.99917922563658124  
	0.99938894764174646  
	0.99943114399711819  
	0.99917922563721506  
	0.99934685061142969  
	0.9995159047611295  
	0.99960132885804986  
	0.99926290429309783  
	0.99926290429306319  
	0.99922103539827134  
	0.99922103539773133  
	0.99947345609328109  
	0.99960132885815556  
	0.99930483974037787  
	0.99938894764056452  
	0.99955851702438425  
	0.99943114399833222  
	0.99922103539925378  
	0.99926290429370679  
	0.99943114399849409  
	0.99938894764097486  
	0.99955851702346499  
	0.99930483974172402  
	0.99947345609543203  
	0.99951590476231655  
	0.99934685061164419  
	0.99947345609403582  
	0.99955851702473719  
	0.99951590476342944  
	0.99947345609517035  
	0.99934685061204864  
	0.99938894764033315  
	0.99943114399813637  
	0.99943114399802913  
	0.99955851702421739  
	0.99951590476248986  
	0.9994734560954861  
	0.99938894764198127  
	0.99934685061160788  
	0.9993048397406088  
	0.99934685061218997  
	0.99934685061190454  
	0.99951590476220142  
	0.99973157779791844  
	0.99938894764156805  
	0.99938894764047026  
	0.999431143997772  
	0.99947345609465721  
	0.99960132885835495  
	0.99964438972964376  
	0.99968777044336221  
	0.99973157779599375  
	0.99938894764106656  
	0.9994311439981538  
	0.99947345609536209  
	0.99955851702499876  
	0.99964438973189529  
	0.9996877704425966  
	0.99973157779655619  
	0.9995159047632528  
	0.99964438973086667  
	0.99968777044372226  
	0.99968777044579948  
	0.99943114399825717  
	0.99943114399869826  
	0.99947345609384985  
	0.999473456093108  
	0.99947345609565874  
	0.99951590476277852  
	0.99951590476348917  
	0.99951590476320684  
	0.99955851702363385  
	0.99955851702300091  
	0.999558517024982  
	0.99960132885815534  
	0.99960132885823216  
	0.99960132885777975  
	0.99964438972928638  
	0.99955851702497212  
	0.99968777044362556  
	0.99943114399855981  
	0.99938894764164643  
	0.99943114399876187  
	0.99960132886003883  
	0.99951590476210028  
	0.99964438973030634  
	0.99938894764115194  
	0.99964438972882308  
	0.99955851702322451  
	0.9994311439976945  
	0.99964438972926406  
	0.99947345609499127  
	0.99947345609493665  
	0.9996013288575698  
	0.99960132885919484  
	0.99951590476214836  
	0.99947345609433158  
	0.99951590476378782  
	0.99955851702438014  
	0.99951590476337404  
	0.9995585170238328  
	0.99947345609540117  
	0.99968777044384949  
	0.99951590476115615  
	0.99943114399702671  
	0.99960132885716724  
	0.99964438973036673  
	0.99960132885772213  
	0.99955851702461185  
	0.99955851702482479  
	0.99973157779574495  
	0.99977598474367879  
	0.99960132885840114  
	0.99964438972985137  
	0.99964438973017256  
	0.99968777044437551  
	0.99968777044327728  
	0.99973157779796706  
	0.99977598474652563  
	0.99977598474673246  
	0.99982130170220174  
	0.99982130170204575  
	0.99986818479980788  
	0.99991853332811187  
	0.99991853333008851  
	0.99982130170122596  
	0.9999185333286229  
	0.999918533326702  
	0.999918533328228  
	0.99991853332954495  
	0.9996013288588711  
	0.99973157779600885  
	0.99977598474778617  
	0.99973157779623856  
	0.99986818479955131  
	0.99968777044354107  
	0.99973157779503008  
	0.99973157779667055  
	0.99977598474571672  
	0.99977598474648333  
	0.99982130170246009  
	0.99982130169924255  
	0.99986818480006412  
	0.9998681848024108  
	0.99986818480022888  
	0.99964438973029346  
	0.9998681847992712  
	0.99982130170175887  
	0.99977598474635798  
	0.99986818479959316  
	0.99991853332948721  
	0.99964438973113967  
	0.99982130170015937  
	0.99986818479968687  
	0.99991853333238956  
	0.99982130170136641  
	0.99968777044299328  
	0.99973157779640209  
	0.99991853332712455  
	0.99977598474526252  
	0.99986818479937634  
	0.99968777044371315  
	0.99968777044421631  
	0.99991853333234926  
	0.99973157779687283  
	0.99977598474601903  
	0.99982130170252759  
	0.99986818480127482  
	0.99982130170097705  
	0.99977598474830665  
	0.99982130170220618  
	0.99986818480057305  
	0.99991853333095482  
	0.99973157779681643  
	0.99982130170231653  
	0.999868184796875  
	0.99982130170194339  
	0.99977598474449136  
	0.99973157779616173  
	0.99977598474736373  
	0.99977598474544083  
	0.99973157779558219  
	0.99977598474587093  
	0.99960132885798114  
	0.99973157779378785  
	0.99968777044332413  
	0.99955851702338983  
	0.99968777044454116  
	0.99964438973131264  
	0.9995585170245308  
	0.99968777044350698  
	0.99964438972966108  
	0.99947345609401417  
	0.99943114399869659  
	0.99960132885847441  
	0.99951590476337715  
	0.9984323693789473  
	0.99859772995983509  
	0.9986805021515277  
	0.99884628055010405  
	0.99847368910827028  
	0.99847368910769607  
	0.99851502182183383  
	0.99851502182157015  
	0.99855636843949458  
	0.99855636843952555  
	0.99859772995927898  
	0.99863910746899087  
	0.99863910746924434  
	0.99868050215143922  
	0.99872191530332777  
	0.99872191530325982  
	0.99876334834656511  
	0.99880480285175011  
	0.99880480285109963  
	0.99847368910874967  
	0.99859772995993468  
	0.99872191530346432  
	0.99868050215143922  
	0.99880480285169937  
	0.99855636843951923  
	0.99855636843899898  
	0.99859772996029106  
	0.99859772995998075  
	0.99863910746908613  
	0.99863910746818907  
	0.99863910746902551  
	0.99868050215125637  
	0.99872191530294063  
	0.99851502182210783  
	0.99859772995999052  
	0.99868050215072557  
	0.99876334834664593  
	0.99868050215165771  
	0.99851502182110319  
	0.99863910746894058  
	0.99863910746837681  
	0.99876334834756475  
	0.99876334834711378  
	0.9985150218217308  
	0.99868050215133897  
	0.99859772996005225  
	0.99872191530318666  
	0.99855636843978335  
	0.99868050215122772  
	0.99872191530235521  
	0.99855636843952833  
	0.99859772995993334  
	0.99872191530222554  
	0.99855636843945406  
	0.99863910746905127  
	0.9986805021503905  
	0.99863910746931928  
	0.998597729959253  
	0.998639107468964  
	0.99876334834672498  
	0.99888778336674855  
	0.99909575935267292  
	0.99868050215127868  
	0.99868050215121873  
	0.99872191530243237  
	0.99872191530303289  
	0.99876334834763936  
	0.99880480285131235  
	0.99880480285231021  
	0.99884628055036817  
	0.99884628054970248  
	0.99888778336718187  
	0.99892931344820202  
	0.99897087319732936  
	0.9990124653196043  
	0.9990124653190654  
	0.99905409287676605  
	0.99892931344775282  
	0.99905409287677205  
	0.99868050215136717  
	0.99876334834666092  
	0.99880480285210471  
	0.99876334834737046  
	0.9988048028516131  
	0.9988462805503121  
	0.99888778336717943  
	0.99888778336776163  
	0.99892931344854374  
	0.99897087319804379  
	0.99901246532033827  
	0.99872191530291388  
	0.99880480285187401  
	0.99884628055042901  
	0.99888778336658535  
	0.99888778336685202  
	0.99901246532001575  
	0.99876334834734926  
	0.99876334834735592  
	0.99884628055062563  
	0.99892931344848446  
	0.99897087319769184  
	0.99872191530315702  
	0.9987219153029937  
	0.99876334834728231  
	0.99880480285189033  
	0.99892931344904989  
	0.99897087319664279  
	0.99880480285198636  
	0.99888778336727946  
	0.99884628055000002  
	0.9988462805502718  
	0.99892931344846658  
	0.99897087319732791  
	0.99888778336725204  
	0.99884628055037594  
	0.99880480285213147  
	0.99876334834747516  
	0.99868050215128268  
	0.99872191530321142  
	0.99876334834776759  
	0.99863910746893125  
	0.99884628055001634  
	0.99880480285121365  
	0.99880480285181328  
	0.99892931344797509  
	0.99913746873772746  
	0.99926290429355569  
	0.99884628055060209  
	0.99884628054969971  
	0.99888778336673212  
	0.99888778336642836  
	0.99892931344837532  
	0.99897087319737132  
	0.99897087319738542  
	0.99901246532048971  
	0.99901246531927101  
	0.99905409287687641  
	0.99905409287597113  
	0.99909575935131234  
	0.99913746873707798  
	0.99917922563588657  
	0.9992210353982961  
	0.99922103539835239  
	0.99884628055009927  
	0.99892931344805125  
	0.99909575935141204  
	0.99917922563630968  
	0.99892931344850167  
	0.99897087319680655  
	0.99901246531901045  
	0.99905409287629876  
	0.9990957593519304  
	0.99913746873738662  
	0.99892931344766378  
	0.99901246531945698  
	0.99901246532001775  
	0.99909575935134098  
	0.99922103539806006  
	0.99888778336750683  
	0.99913746873709874  
	0.99917922563645223  
	0.99888778336709705  
	0.99892931344878677  
	0.99917922563609052  
	0.99897087319812283  
	0.99909575935184491  
	0.99913746873752818  
	0.9989708731976249  
	0.99892931344778435  
	0.998887783366463  
	0.999137468737469  
	0.99897087319666311  
	0.99901246531875454  
	0.99909575935179595  
	0.99905409287611302  
	0.99905409287595737  
	0.99897087319741096  
	0.99905409287565949  
	0.99905409287562486  
	0.99901246531958077  
	0.99897087319834199  
	0.99930483974188256  
	0.99930483974111406  
	0.99930483974101059  
	0.99901246531994659  
	0.99901246531933197  
	0.99905409287713576  
	0.99905409287650593  
	0.9990957593530535  
	0.9991374687379444  
	0.99917922563560269  
	0.99926290429362741  
	0.99930483974044471  
	0.99934685061190942  
	0.99934685061159056  
	0.99913746873844045  
	0.99922103539949836  
	0.99926290429384412  
	0.99926290429374809  
	0.99930483974110706  
	0.9990124653206881  
	0.99922103539749418  
	0.99934685061247464  
	0.99926290429466613  
	0.99909575935217176  
	0.99909575935206474  
	0.99913746873847942  
	0.99913746873756326  
	0.99917922563641159  
	0.99917922563656125  
	0.99917922563747519  
	0.99922103539883023  
	0.99922103539772944  
	0.99926290429433373  
	0.99905409287735469  
	0.99930483974137985  
	0.99926290429275322  
	0.99909575935270512  
	0.99905409287620017  
	0.99930483974152828  
	0.99922103539844775  
	0.99913746873880604  
	0.99926290429406917  
	0.99930483974068807  
	0.99926290429368092  
	0.9991792256365809  
	0.99905409287646774  
	0.99922103539819762  
	0.99922103539918905  
	0.99909575935315564  
	0.99917922563608552  
	0.99917922563764672  
	0.99913746873771825  
	0.99926290429285525  
	0.99922103539831242  
	0.99917922563713024  
	0.99913746873767306  
	0.99909575935224015  
	0.99913746873678422  
	0.99905409287731717  
	0.99909575935237205  
	0.99917922563605976  
	0.99901246531970522  
	0.99922103539812213  
	0.99926290429343756  
	0.9989708731970387  
	0.99892931344821911  
	0.99888778336720951  
	0.99897087319717304  
	0.99880480285129203  
	0.99905409287618885  
	0.99901246531929588  
	0.99884628054952695  
	0.99909575935174111  
	0.99930483974125772  
	0.99926290429348985  
	0.99905409287558067  
	0.99930483974130668  
	0.99934685061090167  
	0.99934685061181283  
	0.99938894764128317  
	0.99934685061194917  
	0.99917922563642581  
	0.99934685061173356  
	0.99909575935255779  
	0.99934685061261497  
	0.99938894764173092  
	0.99922103539767804  
	0.99938894764047281  
	0.99913746873873466  
	0.99930483974123785  
	0.9978960765887771  
	0.99843236937858915  
	0.9985977299598563  
	0.99793728732996068  
	0.99797850348666917  
	0.99801972545030093  
	0.99806095363502245  
	0.99810218847964405  
	0.99814343044728182  
	0.99818468002999317  
	0.99822593775350066  
	0.99822593775308543  
	0.99826720417342163  
	0.99826720417341275  
	0.9983084798863453  
	0.99830847988649263  
	0.99834976552814481  
	0.99834976552782062  
	0.99839106178106463  
	0.99839106178115222  
	0.99843236937861768  
	0.99847368910844958  
	0.99847368910823431  
	0.9985150218214901  
	0.99851502182165797  
	0.99855636843893691  
	0.99855636843964646  
	0.99797850348673844  
	0.99806095363536296  
	0.99814343044715992  
	0.99793728733022047  
	0.99843236937828461  
	0.99855636843936524  
	0.99801972545021733  
	0.99806095363535552  
	0.99810218847948573  
	0.99810218847947252  
	0.99814343044718989  
	0.99814343044682974  
	0.99818468003039984  
	0.99818468003040728  
	0.99818468003064476  
	0.99822593775347102  
	0.99822593775318269  
	0.99822593775363089  
	0.99826720417354753  
	0.99826720417366133  
	0.99826720417299197  
	0.99830847988607252  
	0.99830847988637317  
	0.99830847988603066  
	0.99834976552814259  
	0.9983497655275575  
	0.99834976552796151  
	0.99839106178141346  
	0.99839106178095738  
	0.99839106178147885  
	0.99843236937800328  
	0.99843236937837687  
	0.99847368910786827  
	0.99847368910845269  
	0.99843236937813484  
	0.99851502182159402  
	0.9979785034865517  
	0.99818468003055605  
	0.99801972545037732  
	0.99847368910816037  
	0.99851502182127183  
	0.99801972545038542  
	0.99839106178089965  
	0.99847368910784129  
	0.99822593775321189  
	0.9981021884792759  
	0.99818468003068572  
	0.99830847988627514  
	0.99826720417324721  
	0.99839106178133596  
	0.99806095363522662  
	0.99843236937860624  
	0.99847368910818912  
	0.99851502182197271  
	0.99810218847956833  
	0.99830847988611071  
	0.99843236937811441  
	0.99814343044703779  
	0.99834976552833865  
	0.99839106178121684  
	0.99806095363523084  
	0.99810218847957954  
	0.99822593775353186  
	0.99834976552816501  
	0.99814343044701004  
	0.99818468003060579  
	0.99830847988567528  
	0.99843236937854518  
	0.99839106178086601  
	0.99834976552775301  
	0.99826720417366399  
	0.99822593775286717  
	0.99826720417366543  
	0.99822593775340163  
	0.99834976552788823  
	0.99830847988635829  
	0.9982672041732783  
	0.99818468003024519  
	0.99814343044719545  
	0.99830847988654714  
	0.99863910746849949  
	0.99897087319788502  
	0.99834976552797594  
	0.99839106178138204  
	0.9984323693785685  
	0.99847368910798395  
	0.99851502182193752  
	0.99855636843957751  
	0.99859772995959317  
	0.99868050215090287  
	0.99872191530297105  
	0.99876334834771729  
	0.99880480285133055  
	0.99884628054995783  
	0.99888778336779116  
	0.99892931344884439  
	0.99839106178168635  
	0.99847368910873291  
	0.99855636843999895  
	0.99863910746963158  
	0.99872191530355592  
	0.99880480285235629  
	0.99888778336750483  
	0.9983497655284197  
	0.99892931344863245  
	0.99863910746865003  
	0.99843236937836499  
	0.99847368910840384  
	0.99851502182185714  
	0.99851502182182161  
	0.99855636843974294  
	0.99855636843918616  
	0.99859772995998697  
	0.99859772996001772  
	0.99859772996035789  
	0.99863910746927154  
	0.99863910746861739  
	0.99868050215134274  
	0.99868050215105486  
	0.99868050215182458  
	0.99872191530327203  
	0.99872191530255472  
	0.99876334834744429  
	0.99876334834713132  
	0.99880480285218054  
	0.99884628055060976  
	0.99863910746896267  
	0.99839106178118497  
	0.99888778336769346  
	0.9984323693788989  
	0.99884628055070035  
	0.99868050215122928  
	0.99843236937853364  
	0.99884628055085223  
	0.99859772995999974  
	0.99851502182142138  
	0.99859772996051122  
	0.99876334834669367  
	0.99847368910827972  
	0.99880480285214235  
	0.99863910746947659  
	0.99876334834785274  
	0.99872191530320253  
	0.99851502182215801  
	0.99872191530356502  
	0.9985563684395784  
	0.99855636843958429  
	0.9985150218219887  
	0.99847368910829515  
	0.99868050215084991  
	0.99859772996022933  
	0.99872191530290566  
	0.99880480285157325  
	0.99876334834769354  
	0.99863910746906059  
	0.99868050215155868  
	0.99868050215195536  
	0.9986391074689257  
	0.99859772995954377  
	0.99855636843980344  
	0.9982672041737134  
	0.99834976552822796  
	0.99847368910842915  
	0.99855636843907891  
	0.99859772995947427  
	0.99843236937814306  
	0.99830847988618576  
	0.99851502182198448  
	0.99839106178138526  
	0.99773128060707239  
	0.99777247322735785  
	0.99797850348666184  
	0.99822593775313917  
	0.99777247322744167  
	0.99777247322772611  
	0.99781366988203879  
	0.99781366988194897  
	0.9978548708903231  
	0.99785487089047331  
	0.99789607658903623  
	0.99789607658860879  
	0.99793728733053089  
	0.99797850348645667  
	0.99801972545035822  
	0.99801972545070705  
	0.99806095363517011  
	0.99806095363514002  
	0.99810218847964061  
	0.99810218847959731  
	0.99814343044737663  
	0.99814343044684806  
	0.99818468003010452  
	0.99818468003041494  
	0.99781366988160192  
	0.99793728733047971  
	0.99777247322764018  
	0.99789607658879453  
	0.99797850348706363  
	0.99818468003034677  
	0.99785487089031588  
	0.9978548708906233  
	0.99785487089018998  
	0.99789607658874424  
	0.99789607658882495  
	0.99789607658827395  
	0.99789607658856838  
	0.99793728733012477  
	0.99793728733039477  
	0.99793728732997922  
	0.99793728733019182  
	0.99797850348678785  
	0.99797850348627049  
	0.99797850348650285  
	0.99797850348668693  
	0.99801972545055684  
	0.998019725450217  
	0.99801972545034556  
	0.99806095363494485  
	0.99806095363508551  
	0.99810218847939136  
	0.99793728733002762  
	0.99781366988208664  
	0.99801972545024231  
	0.99814343044696063  
	0.99781366988180853  
	0.99801972545026962  
	0.99810218847970666  
	0.99789607658861856  
	0.99781366988190023  
	0.99806095363537461  
	0.99814343044702758  
	0.99785487089029423  
	0.99793728733014064  
	0.99785487089046032  
	0.99797850348660466  
	0.99810218847937549  
	0.99806095363541691  
	0.99785487089039138  
	0.997896076588629  
	0.99801972545034656  
	0.99789607658852364  
	0.99793728733011211  
	0.99793728733026021  
	0.9979785034866272  
	0.9981021884794109  
	0.99806095363522851  
	0.99793728733024245  
	0.9980609536354782  
	0.99801972545008455  
	0.99789607658894675  
	0.99785487089001512  
	0.99781366988222286  
	0.99806095363515779  
	0.9981434304467337  
	0.99810218847920784  
	0.99793728732974696  
	0.99801972544996176  
	0.99801972545038908  
	0.99797850348649375  
	0.99797850348691053  
	0.99797850348663542  
	0.99797850348664208  
	0.99793728732997933  
	0.99789607658879431  
	0.99781366988244957  
	0.99826720417303239  
	0.99839106178158799  
	0.99760772396337427  
	0.99764890625999281  
	0.99769009171507139  
	0.99773128060685079  
	0.99777247322768814  
	0.99777247322731688  
	0.99781366988209996  
	0.99785487089010494  
	0.99785487089025593  
	0.9978960765886451  
	0.99793728733015152  
	0.99797850348638606  
	0.99797850348650408  
	0.99801972545046547  
	0.998019725450632  
	0.99806095363543645  
	0.99806095363500758  
	0.99810218847909138  
	0.99810218847950982  
	0.9981434304468062  
	0.99814343044700982  
	0.99818468003034877  
	0.99818468003073491  
	0.99822593775356627  
	0.9982259377537126  
	0.99826720417331516  
	0.99830847988615568  
	0.99834976552813592  
	0.99834976552853638  
	0.99769009171502909  
	0.99781366988174036  
	0.99789607658845814  
	0.99760772396306774  
	0.99777247322739193  
	0.99777247322767659  
	0.99777247322763318  
	0.99826720417394499  
	0.99834976552835997  
	0.99773128060666638  
	0.99777247322747697  
	0.99781366988207709  
	0.99785487089026792  
	0.99785487089052061  
	0.99789607658888013  
	0.99793728733026299  
	0.99797850348622463  
	0.99801972545008266  
	0.99806095363510405  
	0.99810218847975252  
	0.99814343044686238  
	0.99818468003046956  
	0.99822593775338275  
	0.99781366988181719  
	0.99764890625975589  
	0.99830847988655202  
	0.99781366988179565  
	0.99764890626014446  
	0.99830847988667104  
	0.99781366988217945  
	0.99781366988166886  
	0.99773128060703709  
	0.9978960765887176  
	0.99797850348682526  
	0.99806095363482039  
	0.99814343044690912  
	0.99822593775310586  
	0.9979372873298914  
	0.99826720417391712  
	0.99769009171469281  
	0.99830847988635363  
	0.99826720417363002  
	0.99769009171492384  
	0.9978548708900411  
	0.99801972545016593  
	0.99810218847924037  
	0.9982259377536945  
	0.99818468003047212  
	0.99773128060687633  
	0.99785487089013847  
	0.99789607658833268  
	0.99822593775333046  
	0.99826720417344705  
	0.99777247322724649  
	0.99773128060703065  
	0.99814343044709031  
	0.99818468003025429  
	0.99781366988191822  
	0.99777247322764007  
	0.99814343044725784  
	0.99818468003066774  
	0.99806095363557545  
	0.99810218847930954  
	0.99777247322740192  
	0.99806095363503855  
	0.99810218847922916  
	0.99801972544989137  
	0.99781366988190257  
	0.99785487089043734  
	0.99785487089031188  
	0.99801972545047957  
	0.99789607658852619  
	0.99797850348681061  
	0.99781366988218212  
	0.99785487089058189  
	0.99793728732972586  
	0.99797850348641948  
	0.99793728733033649  
	0.99793728732992115  
	0.99789607658882318  
	0.99806095363530478  
	0.99793728732998765  
	0.99822593775300117  
	0.99814343044722265  
	0.99785487089078417  
	0.99801972545012174  
	0.99810218847947818  
	0.99797850348691264  
	0.99818468003085947  
	0.99789607658852297  
	0.99830847988591631  
	0.99789607658846013  
	0.9982672041737205  
	0.99822593775322621  
	0.99839106178138126  
	0.99793728733011555  
	0.99806095363543457  
	0.99814343044654075  
	0.99810218847970655  
	0.9979785034866625  
	0.99834976552793475  
	0.9981846800301456  
	0.99785487089046543  
	0.99801972545004758  
	0.99897087319789024  
	0.99851502182182228  
	0.9986391074688663  
	0.9987219153026069  
	0.99901246532044574  
	0.99892931344911817  
	0.99859772995989304  
	0.99868050215076598  
	0.99855636843947104  
	0.9988048028521872  
	0.99847368910836809  
	0.99876334834731706  
	0.99843236937862168  
	0.99888778336684236  
	0.99884628054983138  
	0.99901246531932719  
	0.99922103539834806  
	0.99938894764071651  
	0.99960132885702291  
	0.99905409287697922  
	0.99909575935127071  
	0.99909575935273198  
	0.99913746873634679  
	0.99913746873761966  
	0.99917922563639883  
	0.99917922563539774  
	0.99922103539847007  
	0.99926290429356557  
	0.99926290429279074  
	0.99930483974159845  
	0.99930483974079354  
	0.99934685061309037  
	0.99934685061289574  
	0.99938894764063801  
	0.99943114399789168  
	0.99947345609680682  
	0.99947345609493699  
	0.99951590476345209  
	0.99951590476190444  
	0.99955851702417742  
	0.99955851702393028  
	0.99905409287613478  
	0.9992210353973966  
	0.99938894764252162  
	0.99955851702385778  
	0.99913746873757303  
	0.9991792256354618  
	0.99917922563680661  
	0.9992210353967611  
	0.99922103539781326  
	0.99922103539896168  
	0.9992629042935427  
	0.99926290429261366  
	0.99926290429326947  
	0.99930483974108408  
	0.99930483973994755  
	0.99930483974056661  
	0.99934685061263873  
	0.99934685061258643  
	0.99934685061098971  
	0.99938894764080966  
	0.99938894764017638  
	0.99943114399818522  
	0.99943114399904553  
	0.99947345609514526  
	0.99909575935262263  
	0.99951590476278618  
	0.99926290429351072  
	0.99943114400012145  
	0.99934685061112738  
	0.99943114399806854  
	0.99909575935197348  
	0.99951590476301322  
	0.99938894764129405  
	0.99917922563623529  
	0.99917922563485184  
	0.99926290429361142  
	0.99913746873799036  
	0.99951590476304419  
	0.99934685061234929  
	0.99922103539796747  
	0.99938894764112318  
	0.99947345609461691  
	0.99913746873851694  
	0.99917922563741601  
	0.99938894764178587  
	0.99947345609552329  
	0.99926290429439291  
	0.99922103539704321  
	0.9993048397413361  
	0.99943114399850908  
	0.99947345609471228  
	0.9994311439981759  
	0.99922103539814577  
	0.99917922563619721  
	0.99913746873681242  
	0.99926290429288622  
	0.99930483974136552  
	0.99934685061207451  
	0.99930483974064832  
	0.9993048397419283  
	0.9993889476417267  
	0.99922103539801688  
	0.99947345609421689  
	0.99943114399759747  
	0.999262904292189  
	0.99934685061158746  
	0.99938894764088348  
	0.99934685061094031  
	0.99930483974046969  
	0.99872191530371923  
	0.99897087319661004  
	0.99934685061138584  
	0.99876334834748881  
	0.99876334834712832  
	0.99880480285205853  
	0.99884628055037117  
	0.99884628055048508  
	0.9988877833664126  
	0.99888778336720507  
	0.99892931344805069  
	0.99892931344804414  
	0.99901246531937726  
	0.99905409287549762  
	0.99909575935228212  
	0.99913746873785458  
	0.99917922563613404  
	0.99917922563657136  
	0.99922103539863238  
	0.99926290429274245  
	0.99926290429460984  
	0.99930483974052764  
	0.99905409287550873  
	0.99922103539805218  
	0.99930483973978634  
	0.99880480285188655  
	0.99897087319692401  
	0.99897087319711642  
	0.99913746873721521  
	0.99884628055097957  
	0.9988877833670331  
	0.99888778336685236  
	0.9989293134487035  
	0.99892931344896441  
	0.99892931344818259  
	0.99897087319730338  
	0.99897087319725475  
	0.99897087319762579  
	0.99901246531997501  
	0.99901246532005383  
	0.99901246531963439  
	0.99901246531967069  
	0.99905409287621894  
	0.99905409287619562  
	0.99905409287662195  
	0.9990957593518599  
	0.99909575935259176  
	0.99909575935189987  
	0.99913746873716747  
	0.99913746873766041  
	0.99917922563756134  
	0.99930483974035267  
	0.99876334834818381  
	0.99897087319695299  
	0.999262904293162  
	0.99880480285154427  
	0.9989293134477879  
	0.99892931344847613  
	0.99926290429307685  
	0.99880480285253581  
	0.99922103539790497  
	0.99922103539959428  
	0.9988462805500774  
	0.99901246531892562  
	0.99909575935130734  
	0.99909575935228878  
	0.99917922563662698  
	0.99897087319761824  
	0.99884628055018798  
	0.99913746873732279  
	0.99897087319768907  
	0.99892931344866331  
	0.99884628054992708  
	0.99917922563598682  
	0.99917922563603123  
	0.9990540928764865  
	0.99888778336777573  
	0.99913746873853004  
	0.9990957593516312  
	0.99888778336739037  
	0.99892931344835711  
	0.99909575935188699  
	0.99913746873747966  
	0.99888778336744422  
	0.99888778336682027  
	0.99901246531971777  
	0.99905409287661207  
	0.99905409287643709  
	0.99901246531902466  
	0.99897087319739086  
	0.99892931344823888  
	0.99901246531935073  
	0.99905409287685376  
	0.99901246531945465  
	0.99897087319801159  
	0.99926290429407127  
	0.99901246531855614  
	0.99930483974237361  
	0.99913746873795994  
	0.99917922563670858  
	0.99922103539831342  
	0.99905409287543179  
	0.99909575935106465  
	0.9993468506115174  
	0.99934685061135409  
	0.99986818479819584  
	0.99926290429437759  
	0.9992629042940655  
	0.99930483974155426  
	0.99930483974195305  
	0.99938894764187058  
	0.99943114399886601  
	0.99947345609513727  
	0.99951590476229635  
	0.9995585170245731  
	0.99960132885924513  
	0.99964438973064418  
	0.99968777044243706  
	0.99973157779601607  
	0.99977598474590978  
	0.99982130170046024  
	0.9999185333271976  
	0.99991853332755487  
	0.99938894764186192  
	0.99947345609557914  
	0.99968777044466006  
	0.99977598474787233  
	0.99991853332821001  
	0.99926290429464049  
	0.99934685061261663  
	0.99955851702515408  
	0.99986818480013018  
	0.99991853333027414  
	0.99930483973997541  
	0.9993468506120976  
	0.99934685061230877  
	0.99938894763969166  
	0.99943114399852939  
	0.99973157779622213  
	0.99977598474459062  
	0.99982130170241423  
	0.99982130170192707  
	0.99986818480163009  
	0.99943114399810984  
	0.99986818480287676  
	0.99986818480029849  
	0.99930483974197704  
	0.99964438973100089  
	0.99934685061298179  
	0.99991853333176617  
	0.99982130170319561  
	0.99982130170192696  
	0.99926290429270692  
	0.99951590476325392  
	0.99973157779458666  
	0.99986818479967376  
	0.99930483974170159  
	0.99934685061275319  
	0.99951590476375518  
	0.99986818480159889  
	0.9999185333302899  
	0.99938894764179764  
	0.99977598474622098  
	0.99982130170081795  
	0.99977598474595075  
	0.99968777044392321  
	0.99973157779672817  
	0.99947345609536808  
	0.99938894764124497  
	0.99930483974170237  
	0.99934685061041451  
	0.99943114399901267  
	0.99947345609412042  
	0.99943114399696376  
	0.99938894764163533  
	0.9993889476407416  
	0.99960132885763708  
	0.99960132885732234  
	0.99982130170359318  
	0.99943114399947597  
	0.9994311439973782  
	0.9994734560950308  
	0.99947345609603766  
	0.99951590476306107  
	0.9995159047629103  
	0.99955851702376797  
	0.99955851702386267  
	0.99964438972914804  
	0.99964438972976744  
	0.99968777044546242  
	0.99968777044392332  
	0.99973157779649235  
	0.99973157779629329  
	0.99977598474615237  
	0.99977598474499263  
	0.99943114399791866  
	0.99960132885770803  
	0.99960132885822317  
	0.99977598474764773  
	0.99951590476370655  
	0.99951590476214525  
	0.99955851702368026  
	0.99955851702409593  
	0.99955851702579923  
	0.99960132885944142  
	0.99960132885754294  
	0.99964438972995273  
	0.99964438973060865  
	0.99964438973163527  
	0.99968777044471768  
	0.99968777044428625  
	0.99947345609437566  
	0.99960132885942199  
	0.99960132885809383  
	0.99973157779798016  
	0.99947345609411564  
	0.99964438973157099  
	0.99964438973042169  
	0.99973157779558719  
	0.99951590476279073  
	0.99951590476439334  
	0.99968777044364254  
	0.99968777044514145  
	0.99955851702381959  
	0.99964438973160996  
	0.99947345609591409  
	0.99951590476286611  
	0.99968777044545376  
	0.9997315777971999  
	0.99955851702430465  
	0.9996443897297097  
	0.99960132886010666  
	0.99960132885838482  
	0.99960132885716513  
	0.9995585170255219  
	0.9995585170247463  
	0.99973157779609045  
	0.99938894764017117  
	0.99951590476286323  
	0.99955851702286103  
	0.99977598474558693  
	0.99947345609495808  
	0.99960132885860109  
	0.99982130169967864  
	0.999431143999296  
	0.99964438972967662  
	0.99968777044404655  
	0.99951590476353536  
	0.99964438972970326  
	0.99991853332762015  
	0.99991853333086311  
	0.99955851702386145  
	0.99955851702551624  
	0.9996013288566874  
	0.99960132885924813  
	0.99964438972873515  
	0.99964438973028102  
	0.9996877704440561  
	0.99968777044291612  
	0.99973157779661315  
	0.99973157779390087  
	0.99977598474527318  
	0.9997759847467268  
	0.99982130170218686  
	0.99982130170219807  
	0.99986818480122774  
	0.99986818480086315  
	0.99968777044307888  
	0.99991853332867953  
	0.99991853332823188  
	0.99991853332742076  
	0.99991853332879321  
	0.99991853332970937  
	0.99991853332781877  
	0.9999185333300723  
	0.9999185333252314  
	0.9999185333305306  
	0.99991853332925118  
	0.99991853333120573  
	0.9995585170247363  
	0.99964438973069114  
	0.99964438973207681  
	0.99968777044218171  
	0.99968777044523582  
	0.99968777044615287  
	0.99973157779471156  
	0.99973157779715682  
	0.99973157779827837  
	0.99973157779537836  
	0.99973157779672694  
	0.9997759847468447  
	0.99977598474616758  
	0.9997759847466916  
	0.9997759847464851  
	0.99977598474619578  
	0.99977598474490936  
	0.99982130170179739  
	0.99982130169951622  
	0.99982130170132621  
	0.9998213017043891  
	0.99982130170089034  
	0.99982130170209882  
	0.99982130170036076  
	0.99986818479932749  
	0.99986818480210149  
	0.99986818480110329  
	0.99986818480331929  
	0.99986818479949524  
	0.99986818480023421  
	0.99986818480028239  
	0.999868184800078  
	0.99960132885889907  
	0.99986818480225992  
	0.99986818480153816  
	0.99968777044345247  
	0.99991853332841885  
	0.9999185333296039  
	0.99960132885996034  
	0.99982130170078776  
	0.99982130170096217  
	0.99960132885834929  
	0.99973157779482924  
	0.99968777044319479  
	0.99991853332900127  
	0.99991853333109915  
	0.9998681847995371  
	0.99986818479800177  
	0.99964438973139425  
	0.9999185333287024  
	0.99977598474605489  
	0.99982130170238215  
	0.99986818479959216  
	0.99964438973210623  
	0.99986818479762463  
	0.99991853332901792  
	0.99977598474405061  
	0.99982130170052241  
	0.99968777044506285  
	0.99977598474657059  
	0.9998213017019949  
	0.99986818480157114  
	0.99982130170146488  
	0.99973157779672484  
	0.9997759847441946  
	0.99973157779626121  
	0.9997315777959821  
	0.99977598474494511  
	0.99977598474764118  
	0.99982130170153294  
	0.99991853332862379  
	0.99986818479913475  
	0.99973157779677824  
	0.99968777044483503  
	0.99964438972896408  
	0.99973157779732635  
	0.99991853333192027  
	0.99986818479988437  
	0.99982130170301986  
	0.9997759847476041  
	0.99968777044272139  
	0.99973157779742006  
	0.9996443897299192  
	0.99991853332867486  
	0.99986818480235606  
	0.99982130170134509  
	0.99968777044291413  
	0.99977598474654172  
	0.99951590476451391  
	0.99951590476295205  
	0.99960132885805286  
	0.99947345609457439  
	0.99926290429406728  
	0.99938894764195341  
	0.99930483974033746  
	0.99955851702307363  
	0.99934685061135198  
	0.99943114399781874  
	0.99955851702489651  
	0.99964438972913749  
	0.99960132885819108  
	0.99810218847986598  
	0.99839106178071713  
	0.99843236937842905  
	0.998680502151297  
	0.99814343044703868  
	0.99814343044714793  
	0.99818468003064931  
	0.99818468003031235  
	0.99822593775305168  
	0.9982259377533198  
	0.99826720417348169  
	0.99826720417353987  
	0.99830847988595806  
	0.99830847988574334  
	0.99834976552750532  
	0.99843236937819047  
	0.99847368910833223  
	0.99847368910784351  
	0.99851502182133367  
	0.99851502182126617  
	0.99855636843978268  
	0.9985563684395028  
	0.99859772996018414  
	0.99859772996008822  
	0.99863910746953954  
	0.99863910746913709  
	0.99814343044749221  
	0.99834976552779819  
	0.99839106178075909  
	0.99863910746900431  
	0.99822593775339874  
	0.9982259377535353  
	0.9982672041737084  
	0.99826720417405057  
	0.99826720417331094  
	0.99830847988598881  
	0.99830847988627491  
	0.99830847988635474  
	0.99830847988632254  
	0.99834976552828325  
	0.99834976552872978  
	0.99834976552802557  
	0.99834976552806642  
	0.99839106178137726  
	0.99839106178139136  
	0.99839106178137638  
	0.99839106178138182  
	0.99843236937797841  
	0.99843236937908819  
	0.99843236937838986  
	0.99843236937854374  
	0.99847368910853984  
	0.99847368910856804  
	0.99847368910845868  
	0.99851502182208385  
	0.99851502182188123  
	0.99855636844000428  
	0.99847368910790901  
	0.99855636843968631  
	0.99818468003087035  
	0.99859772996003537  
	0.99839106178087178  
	0.99839106178103021  
	0.99818468003062333  
	0.99859772996047835  
	0.99834976552812227  
	0.99834976552767241  
	0.99822593775350299  
	0.99826720417355863  
	0.99847368910782097  
	0.99855636843974616  
	0.99830847988624727  
	0.99843236937791202  
	0.9981846800304327  
	0.99851502182204754  
	0.99859772996013552  
	0.99834976552787513  
	0.99843236937804869  
	0.99822593775381074  
	0.99847368910852707  
	0.99830847988604865  
	0.99855636843963769  
	0.9983910617813424  
	0.99826720417354076  
	0.99843236937868485  
	0.9985150218220572  
	0.99847368910839174  
	0.99826720417322945  
	0.99830847988647353  
	0.9983910617818853  
	0.99843236937850688  
	0.99847368910822887  
	0.99851502182183716  
	0.99851502182194551  
	0.9983084798862506  
	0.99834976552815802  
	0.99839106178095793  
	0.99843236937856039  
	0.9985150218224409  
	0.99855636843975115  
	0.99826720417366899  
	0.99822593775321111  
	0.99834976552820809  
	0.99847368910884327  
	0.99843236937868762  
	0.99843236937861835  
	0.99839106178122083  
	0.99839106178149983  
	0.99834976552815646  
	0.99830847988677263  
	0.99793728733031428  
	0.9979785034868508  
	0.99806095363528113  
	0.99818468003068961  
	0.99839106178151826  
	0.99793728732981446  
	0.99797850348684403  
	0.99797850348646211  
	0.9979785034869143  
	0.99801972545010997  
	0.99801972545058071  
	0.99801972545006834  
	0.99806095363523994  
	0.99806095363566882  
	0.99810218847937704  
	0.99814343044711884  
	0.99818468003059035  
	0.99818468003016558  
	0.99822593775294843  
	0.99822593775347546  
	0.99826720417298209  
	0.99826720417314563  
	0.99830847988625659  
	0.99830847988657778  
	0.99834976552748933  
	0.9980197254500065  
	0.99801972545052364  
	0.99810218847927312  
	0.99810218847977206  
	0.99814343044744602  
	0.99834976552834964  
	0.99793728732978582  
	0.99797850348685391  
	0.99801972545040984  
	0.99806095363564584  
	0.99834976552811383  
	0.99814343044734322  
	0.99801972544998263  
	0.99806095363541436  
	0.99806095363485425  
	0.99806095363550218  
	0.99806095363556657  
	0.99810218847909116  
	0.99810218847940668  
	0.9981021884792739  
	0.99810218847913834  
	0.99814343044662535  
	0.99814343044726872  
	0.9981434304470681  
	0.99814343044748577  
	0.99814343044731468  
	0.99818468003036165  
	0.99818468003083849  
	0.998184680030061  
	0.99818468003019745  
	0.99822593775355573  
	0.99822593775343149  
	0.99822593775372015  
	0.99826720417400439  
	0.9982672041729781  
	0.99797850348624917  
	0.99806095363512415  
	0.99810218847989718  
	0.99834976552862342  
	0.99801972545053175  
	0.99806095363546343  
	0.99814343044714238  
	0.99822593775284618  
	0.99797850348634476  
	0.99806095363535641  
	0.9983084798862395  
	0.99810218847986187  
	0.99806095363550718  
	0.99806095363500047  
	0.99826720417350268  
	0.99818468003061633  
	0.9982672041738615  
	0.99801972545058193  
	0.99806095363491132  
	0.99801972544994788  
	0.99810218847960386  
	0.99830847988667171  
	0.99814343044672293  
	0.99810218847976995  
	0.99810218847958576  
	0.9981434304467669  
	0.99806095363488889  
	0.99801972545051265  
	0.99810218847984178  
	0.99814343044674991  
	0.99814343044665355  
	0.9983084798856946  
	0.99810218847974419  
	0.99822593775334423  
	0.9981021884790553  
	0.99806095363514635  
	0.99801972545018591  
	0.99826720417353476  
	0.99818468003013205  
	0.99818468002997995  
	0.99814343044701126  
	0.99818468003083638  
	0.99822593775305091  
	0.99822593775290391  
	0.99810218847948773  
	0.99830847988643057  
	0.99826720417369186  
	0.99818468003068161  
	0.99822593775374424  
	0.99818468003048311  
	0.99814343044742049  
	0.99818468003046013  
	0.99810218847953802  
	0.99826720417305581  
	0.99830847988563343  
	0.99822593775342638  
	0.99839106178128978  
	0.99814343044690479  
	0.99834976552810561  
	0.99855636843905105  
	0.99872191530342302  
	0.99922103539943652  
	0.99859772995939633  
	0.99859772995992102  
	0.99863910746906992  
	0.99863910746950402  
	0.99868050215132331  
	0.99868050215166326  
	0.99872191530323184  
	0.99876334834744229  
	0.99876334834672409  
	0.99880480285194939  
	0.99880480285202022  
	0.99884628054992175  
	0.99884628055059077  
	0.99888778336663375  
	0.99888778336731754  
	0.99892931344817537  
	0.99892931344756053  
	0.99897087319785105  
	0.99897087319765032  
	0.9990124653203003  
	0.9990124653208029  
	0.99905409287639912  
	0.99909575935055694  
	0.99913746873736142  
	0.99917922563683015  
	0.9990957593532851  
	0.9991792256354014  
	0.99917922563758998  
	0.99859772995944274  
	0.99872191530311283  
	0.99868050215082627  
	0.99868050215114046  
	0.99872191530260501  
	0.99872191530383192  
	0.99876334834701108  
	0.99876334834724789  
	0.99876334834749725  
	0.99880480285144346  
	0.99880480285244078  
	0.99880480285211004  
	0.99884628055014557  
	0.99884628055072966  
	0.99884628054972291  
	0.99888778336780593  
	0.99888778336711825  
	0.99888778336700124  
	0.99892931344890779  
	0.9989293134476287  
	0.99892931344855507  
	0.99897087319754652  
	0.99897087319735289  
	0.99897087319778799  
	0.99901246531865073  
	0.99901246531984111  
	0.99901246531843158  
	0.99905409287620173  
	0.99905409287675184  
	0.99905409287692681  
	0.99909575935226702  
	0.99909575935075301  
	0.99913746873825493  
	0.99913746873821196  
	0.99863910746851525  
	0.99872191530321108  
	0.99905409287761515  
	0.99917922563720452  
	0.99863910746899376  
	0.99876334834742597  
	0.99901246531999632  
	0.99913746873803833  
	0.99872191530325016  
	0.99884628054985436  
	0.9988048028513824  
	0.99892931344894753  
	0.99888778336738038  
	0.99901246531975929  
	0.9986391074686094  
	0.99913746873881859  
	0.9990957593518085  
	0.99880480285157058  
	0.99892931344850466  
	0.99868050215093263  
	0.99909575935264772  
	0.99868050215141924  
	0.99872191530265941  
	0.99905409287504054  
	0.99876334834811498  
	0.99884628055026847  
	0.99897087319662481  
	0.9987633483469528  
	0.99880480285179984  
	0.99872191530299281  
	0.99868050215191584  
	0.99909575935241424  
	0.99917922563664197  
	0.99913746873621323  
	0.99905409287671365  
	0.99876334834756664  
	0.99880480285217876  
	0.99888778336758643  
	0.99888778336710682  
	0.99884628055091906  
	0.99897087319800759  
	0.99892931344854174  
	0.99897087319620459  
	0.9990124653200626  
	0.99884628055022129  
	0.99905409287515401  
	0.99901246531962418  
	0.99897087319758349  
	0.9989293134483952  
	0.99888778336656781  
	0.99822593775370072  
	0.99851502182169793  
	0.99892931344952296  
	0.99826720417324244  
	0.99826720417378112  
	0.99830847988632931  
	0.99834976552771548  
	0.99839106178154391  
	0.99843236937894964  
	0.99847368910856993  
	0.99855636844001494  
	0.99859772996053209  
	0.99863910746919426  
	0.99868050215078996  
	0.99872191530328869  
	0.99876334834716063  
	0.99880480285206175  
	0.99884628054931512  
	0.99888778336718986  
	0.99834976552848931  
	0.99843236937797286  
	0.99843236937899937  
	0.99851502182234708  
	0.99859772996062368  
	0.99868050215216775  
	0.99876334834820457  
	0.99884628055116986  
	0.99888778336815032  
	0.99826720417391468  
	0.99851502182224416  
	0.99834976552788812  
	0.99839106178123316  
	0.99839106178150305  
	0.99843236937804825  
	0.99843236937817925  
	0.99847368910816325  
	0.99847368910848666  
	0.99847368910828005  
	0.9984736891084891  
	0.99851502182115781  
	0.99851502182149954  
	0.99851502182150786  
	0.99855636843951578  
	0.99855636843959517  
	0.9985563684394686  
	0.99855636843974116  
	0.99859772995927554  
	0.99859772995972629  
	0.99859772995977436  
	0.99863910746898576  
	0.99863910746911  
	0.99863910746907336  
	0.99868050215121695  
	0.99868050215088933  
	0.9987219153031992  
	0.99872191530275234  
	0.99876334834655722  
	0.99880480285165585  
	0.99830847988659532  
	0.99851502182233165  
	0.99884628055012714  
	0.99843236937849222  
	0.99830847988651106  
	0.99880480285284601  
	0.99855636844007822  
	0.99830847988604676  
	0.99880480285108109  
	0.9985977299599138  
	0.99839106178091108  
	0.99847368910866485  
	0.99863910746977969  
	0.99868050215134596  
	0.99834976552839694  
	0.99876334834701197  
	0.99876334834750091  
	0.99839106178174908  
	0.99847368910875389  
	0.99872191530246623  
	0.99843236937869284  
	0.99851502182171203  
	0.99868050215116666  
	0.99872191530395193  
	0.99834976552819388  
	0.99839106178101422  
	0.9985563684388673  
	0.99843236937836888  
	0.99847368910780776  
	0.9986391074687071  
	0.99847368910810952  
	0.99851502182190266  
	0.99868050215152826  
	0.99872191530293986  
	0.99851502182186369  
	0.99863910746892059  
	0.99847368910793299  
	0.99843236937876667  
	0.99859772996018137  
	0.99851502182166396  
	0.99863910746845275  
	0.99859772996013174  
	0.99859772995997098  
	0.99855636844008433  
	0.99855636843932394  
	0.99855636843931084  
	0.99888778336613704  
	0.99872191530255061  
	0.9989293134484849  
	0.99876334834757952  
	0.99868050215154458  
	0.99855636843946582  
	0.99880480285195616  
	0.99863910746944695  
	0.99897087319860145  
	0.99884628055056335  
	0.99859772996049545  
	0.99822593775306556  
	0.99839106178077497  
	0.99822593775362534  
	0.99843236937870894  
	0.99847368910819845  
	0.99851502182136886  
	0.99839106178135506  
	0.9985563684390113  
	0.99818468003089944  
	0.99859772996001217  
	0.99826720417364012  
	0.99830847988589166  
	0.99839106178179748  
	0.99863910746910334  
	0.99868050215159876  
	0.99834976552842447  
	0.99901246532012988  
	0.99880480285203388  
	0.9987633483475572  
	0.99913746873641263  
	0.99917922563637862  
	0.99922103539895146  
	0.99926290429451881  
	0.99892931344757485  
	0.99922103539753715  
	0.99905409287707647  
	0.99922103539922213  
	0.99872191530300558  
	0.99909575935194184  
	0.99922103539879381  
	0.99888778336683848  
	0.99897087319728717  
	0.99884628055032787  
	0.99982130170288186  
	0.9981434304472373  
	0.99859772996019447  
	0.99843236937785584  
	0.99872191530319798  
	0.99960132885620201  
	0.99888778336682293  
	0.99986818480028683  
	0.9983910617816657  
	0.99991853332778857  
	0.9988462805495999  
	0.99863910746921214  
	0.99826720417321302  
	0.99968777044397183  
	0.99909575935225292  
	0.99822593775325708  
	0.9985150218217943  
	0.99855636843901019  
	0.99830847988571003  
	0.99922103539786067  
	0.99930483974073947  
	0.99973157779549404  
	0.9987633483474857  
	0.99901246531954346  
	0.99892931344815072  
	0.99938894764013286  
	0.99880480285198991  
	0.99897087319723921  
	0.99947345609502403  
	0.99834976552753529  
	0.99955851702245657  
	0.99934685061062323  
	0.99943114399794009  
	0.99806095363569758  
	0.99951590476211793  
	0.99810218847941745  
	0.99917922563693384  
	0.99847368910804823  
	0.99868050215192705  
	0.9997759847456088  
	0.99905409287640989  
	0.99964438973111336  
	0.9992629042936475  
	0.99913746873809384  
	0.99818468003016292  
	0.99801972545037743  
	0.99789607658834656  
	0.99797850348683692  
	0.99797850348673423  
	0.99793728733046094  
	0.99777247322733564  
	0.99785487089030356  
	0.99781366988193065  
	0.99806095363503433  
	0.99764890626016456  
	0.9977724732275689  
	0.99789607658907598  
	0.99793728733046805  
	0.99777247322798301  
	0.99769009171508416  
	0.99777247322719098  
	0.99773128060686811  
	0.99801972545069062  
	0.99801972545072348  
	0.99773128060717009  
	0.99773128060713934  
	0.99789607658831481  
	0.99793728733018905  
	0.99797850348640738  
	0.99756654455758831  
	0.99793728732994691  
	0.99777247322747842  
	0.99773128060711069  
	0.99797850348644224  
	0.99756654455784355  
	0.99797850348648143  
	0.99773128060676008  
	0.99793728733032472  
	0.99773128060674598  
	0.9978136698821064  
	0.99801972545031392  
	0.99773128060685456  
	0.99760772396327624  
	0.99789607658888524  
	0.9978548708903946  
	0.99769009171487377  

