Writing matrix 'Transport final solution' (4000 x 1):
	0.39187747014381624  
	0.77361462808533787  
	0.78756620320350912  
	0.79951958568786441  
	0.43524962180448684  
	0.43524962180448656  
	0.48194561239156203  
	0.48194561239156331  
	0.53329670491794634  
	0.53329670491794734  
	0.58999940945697515  
	0.58999940945697482  
	0.64980066026082517  
	0.64980066026082539  
	0.70525953719648149  
	0.74743797529849609  
	0.77361462808533843  
	0.78756620320351267  
	0.79434799875140483  
	0.79434799875140605  
	0.79434799875140838  
	0.79748369004577147  
	0.79748369004576913  
	0.79889476909720436  
	0.79889476909720392  
	0.74743797529849343  
	0.78756620320350734  
	0.78756620320350668  
	0.78756620320350956  
	0.7943479987514076  
	0.43524962180448518  
	0.77361462808534098  
	0.79889476909720569  
	0.53329670491794723  
	0.53329670491794667  
	0.58999940945697549  
	0.58999940945697482  
	0.5899994094569756  
	0.64980066026082561  
	0.64980066026082639  
	0.64980066026082595  
	0.64980066026082595  
	0.70525953719648105  
	0.70525953719648238  
	0.70525953719648216  
	0.7052595371964836  
	0.70525953719648071  
	0.74743797529849365  
	0.74743797529849465  
	0.74743797529849387  
	0.74743797529849332  
	0.74743797529849443  
	0.77361462808533787  
	0.77361462808533843  
	0.77361462808533865  
	0.77361462808534021  
	0.78756620320350934  
	0.78756620320351034  
	0.78756620320350834  
	0.79434799875140572  
	0.79434799875140549  
	0.7875662032035099  
	0.48194561239156192  
	0.77361462808533743  
	0.79748369004577169  
	0.7052595371964816  
	0.78756620320351056  
	0.48194561239156264  
	0.78756620320350823  
	0.79748369004576969  
	0.64980066026082461  
	0.53329670491794723  
	0.6498006602608255  
	0.77361462808533588  
	0.53329670491794712  
	0.74743797529849343  
	0.79748369004577013  
	0.7736146280853381  
	0.79434799875140716  
	0.77361462808533921  
	0.78756620320350967  
	0.78756620320350901  
	0.79434799875140649  
	0.77361462808533821  
	0.74743797529849199  
	0.70525953719648227  
	0.77361462808533921  
	0.58999940945697504  
	0.58999940945697438  
	0.74743797529849565  
	0.7736146280853371  
	0.78756620320351134  
	0.7052595371964826  
	0.58999940945697604  
	0.6498006602608275  
	0.70525953719648149  
	0.74743797529849332  
	0.78756620320350912  
	0.79434799875140472  
	0.53329670491794601  
	0.48194561239156319  
	0.64980066026082617  
	0.77361462808533776  
	0.74743797529849443  
	0.74743797529849421  
	0.7052595371964816  
	0.70525953719648227  
	0.64980066026082606  
	0.58999940945697604  
	0.35069068592093539  
	0.79434799875140394  
	0.7943479987514076  
	0.070502024774266314  
	0.070502024774266731  
	0.1547002652031039  
	0.23299238040473313  
	0.27177500095081414  
	0.31085613273917834  
	0.39187747014381857  
	0.43524962180448667  
	0.48194561239156219  
	0.53329670491794656  
	0.58999940945697638  
	0.7474379752984931  
	0.77361462808533665  
	0.78756620320351045  
	0.070502024774266744  
	0.15470026520310462  
	0.23299238040473388  
	0.310856132739178  
	0.39187747014381791  
	0.48194561239156331  
	0.58999940945697626  
	0.64980066026082528  
	0.70525953719648249  
	0.77361462808533976  
	0.78756620320351123  
	0.11407110911305172  
	0.19411294726910336  
	0.35069068592093566  
	0.11407110911305215  
	0.15470026520310365  
	0.19411294726910402  
	0.232992380404734  
	0.27177500095081414  
	0.27177500095081419  
	0.27177500095081314  
	0.31085613273917678  
	0.31085613273917817  
	0.31085613273917778  
	0.35069068592093516  
	0.35069068592093555  
	0.35069068592093539  
	0.39187747014381702  
	0.39187747014381813  
	0.39187747014381796  
	0.43524962180448634  
	0.43524962180448595  
	0.43524962180448651  
	0.48194561239156358  
	0.48194561239156403  
	0.53329670491794745  
	0.53329670491794734  
	0.58999940945697515  
	0.64980066026082672  
	0.70525953719648105  
	0.74743797529849509  
	0.35069068592093539  
	0.77361462808533943  
	0.070502024774267161  
	0.11407110911305218  
	0.70525953719648149  
	0.74743797529849498  
	0.39187747014381824  
	0.74743797529849298  
	0.31085613273917767  
	0.11407110911305239  
	0.15470026520310462  
	0.19411294726910389  
	0.27177500095081386  
	0.4352496218044864  
	0.48194561239156258  
	0.7052595371964826  
	0.35069068592093416  
	0.070502024774266731  
	0.11407110911305218  
	0.64980066026082628  
	0.15470026520310406  
	0.64980066026082572  
	0.19411294726910377  
	0.58999940945697638  
	0.58999940945697493  
	0.23299238040473388  
	0.27177500095081331  
	0.53329670491794767  
	0.19411294726910375  
	0.23299238040473391  
	0.31085613273917773  
	0.48194561239156403  
	0.5332967049179469  
	0.19411294726910422  
	0.15470026520310406  
	0.23299238040473405  
	0.43524962180448679  
	0.27177500095081425  
	0.48194561239156347  
	0.53329670491794745  
	0.31085613273917811  
	0.43524962180448701  
	0.232992380404734  
	0.27177500095081392  
	0.39187747014381802  
	0.31085613273917823  
	0.43524962180448551  
	0.39187747014381802  
	0.39187747014381791  
	0.35069068592093539  
	0.35069068592093539  
	0.35069068592093527  
	0.70525953719648249  
	0.53329670491794601  
	0.58999940945697571  
	0.64980066026082728  
	0.48194561239156369  
	0.77361462808533787  
	0.78756620320350745  
	0.39187747014381741  
	0.43524962180448734  
	0.74743797529849465  
	0.070502024774267535  
	0.5332967049179459  
	0.070502024774267161  
	0.19411294726910377  
	0.23299238040473436  
	0.23299238040473386  
	0.27177500095081353  
	0.31085613273917767  
	0.35069068592093472  
	0.39187747014381707  
	0.39187747014381746  
	0.43524962180448534  
	0.43524962180448573  
	0.48194561239156208  
	0.48194561239156219  
	0.070502024774267202  
	0.070502024774267161  
	0.070502024774267563  
	0.070502024774266731  
	0.070502024774266744  
	0.0705020247742663  
	0.1547002652031042  
	0.11407110911305189  
	0.27177500095081358  
	0.31085613273917734  
	0.35069068592093428  
	0.48194561239156292  
	0.11407110911305192  
	0.11407110911305161  
	0.11407110911305195  
	0.11407110911305218  
	0.11407110911305184  
	0.15470026520310415  
	0.15470026520310409  
	0.15470026520310404  
	0.15470026520310379  
	0.15470026520310376  
	0.1941129472691035  
	0.19411294726910347  
	0.19411294726910353  
	0.19411294726910375  
	0.1941129472691038  
	0.23299238040473405  
	0.23299238040473394  
	0.23299238040473386  
	0.23299238040473372  
	0.27177500095081297  
	0.27177500095081303  
	0.27177500095081303  
	0.31085613273917756  
	0.31085613273917728  
	0.35069068592093444  
	0.35069068592093494  
	0.39187747014381691  
	0.39187747014381802  
	0.19411294726910372  
	0.43524962180448612  
	0.11407110911305186  
	0.31085613273917728  
	0.35069068592093416  
	0.11407110911305229  
	0.43524962180448529  
	0.070502024774266731  
	0.070502024774267216  
	0.27177500095081308  
	0.39187747014381707  
	0.070502024774267563  
	0.39187747014381752  
	0.15470026520310409  
	0.19411294726910394  
	0.31085613273917712  
	0.15470026520310404  
	0.15470026520310409  
	0.11407110911305181  
	0.11407110911305181  
	0.070502024774266314  
	0.19411294726910377  
	0.19411294726910339  
	0.35069068592093472  
	0.27177500095081308  
	0.11407110911305218  
	0.15470026520310379  
	0.15470026520310409  
	0.23299238040473369  
	0.23299238040473369  
	0.43524962180448568  
	0.39187747014381757  
	0.23299238040473394  
	0.11407110911305195  
	0.070502024774267161  
	0.1941129472691038  
	0.35069068592093439  
	0.310856132739177  
	0.27177500095081297  
	0.31085613273917762  
	0.15470026520310406  
	0.11407110911305186  
	0.070502024774266731  
	0.15470026520310412  
	0.35069068592093466  
	0.31085613273917728  
	0.27177500095081297  
	0.27177500095081314  
	0.23299238040473366  
	0.23299238040473391  
	0.23299238040473416  
	0.19411294726910344  
	0.1941129472691038  
	0.58999940945697515  
	0.74743797529849587  
	0.0705020247742663  
	0.07050202477426587  
	0.19411294726910405  
	0.23299238040473391  
	0.23299238040473444  
	0.27177500095081303  
	0.27177500095081358  
	0.31085613273917723  
	0.31085613273917684  
	0.350690685920935  
	0.39187747014381724  
	0.39187747014381685  
	0.4352496218044864  
	0.43524962180448601  
	0.48194561239156231  
	0.48194561239156286  
	0.53329670491794567  
	0.53329670491794601  
	0.58999940945697538  
	0.64980066026082572  
	0.64980066026082628  
	0.70525953719648204  
	0.70525953719648171  
	0.070502024774267161  
	0.070502024774267161  
	0.070502024774267327  
	0.15470026520310406  
	0.11407110911305135  
	0.15470026520310393  
	0.35069068592093466  
	0.58999940945697549  
	0.70525953719648371  
	0.11407110911305142  
	0.11407110911305077  
	0.11407110911305221  
	0.15470026520310404  
	0.15470026520310395  
	0.19411294726910411  
	0.19411294726910402  
	0.19411294726910364  
	0.23299238040473422  
	0.23299238040473358  
	0.27177500095081281  
	0.27177500095081392  
	0.31085613273917756  
	0.31085613273917706  
	0.35069068592093466  
	0.39187747014381713  
	0.4352496218044859  
	0.43524962180448612  
	0.48194561239156314  
	0.48194561239156292  
	0.53329670491794645  
	0.5332967049179469  
	0.58999940945697549  
	0.070502024774266939  
	0.58999940945697549  
	0.64980066026082717  
	0.15470026520310379  
	0.11407110911305156  
	0.35069068592093411  
	0.64980066026082539  
	0.11407110911305203  
	0.070502024774267161  
	0.64980066026082561  
	0.11407110911305235  
	0.39187747014381791  
	0.232992380404734  
	0.23299238040473383  
	0.31085613273917756  
	0.43524962180448612  
	0.48194561239156242  
	0.58999940945697604  
	0.070502024774267161  
	0.53329670491794623  
	0.5899994094569756  
	0.48194561239156319  
	0.53329670491794634  
	0.48194561239156297  
	0.53329670491794678  
	0.43524962180448618  
	0.39187747014381769  
	0.11407110911305127  
	0.27177500095081319  
	0.15470026520310431  
	0.35069068592093489  
	0.39187747014381719  
	0.35069068592093494  
	0.43524962180448618  
	0.39187747014381802  
	0.35069068592093416  
	0.27177500095081331  
	0.31085613273917756  
	0.31085613273917778  
	0.27177500095081325  
	0.31085613273917834  
	0.070502024774267244  
	0.1140711091130517  
	0.15470026520310473  
	0.194112947269104  
	0.19411294726910333  
	0.19411294726910314  
	0.15470026520310395  
	0.23299238040473419  
	0.27177500095081258  
	0.23299238040473336  
	0.19411294726910369  
	0.23299238040473391  
	0.39187747014381757  
	0.11407110911305156  
	0.070502024774266314  
	0.19411294726910377  
	0.43524962180448629  
	0.31085613273917728  
	0.15470026520310376  
	0.35069068592093444  
	0.27177500095081342  
	0.48194561239156231  
	0.53329670491794545  
	0.15470026520310332  
	0.53329670491794645  
	0.11407110911305199  
	0.74743797529849387  
	0.2717750009508143  
	0.64980066026082539  
	0.35069068592093428  
	0.19411294726910311  
	0.48194561239156247  
	0.31085613273917806  
	0.070502024774265495  
	0.4352496218044859  
	0.23299238040473405  
	0.70525953719648338  
	0.3918774701438178  
	0.58999940945697504  
	0.43524962180448573  
	0.58999940945697493  
	0.070502024774266842  
	0.070502024774267202  
	0.1140711091130515  
	0.194112947269103  
	0.2329923804047338  
	0.27177500095081297  
	0.27177500095081325  
	0.31085613273917645  
	0.350690685920934  
	0.350690685920935  
	0.39187747014381685  
	0.43524962180448556  
	0.48194561239156281  
	0.48194561239156303  
	0.53329670491794623  
	0.53329670491794612  
	0.070502024774267105  
	0.07050202477426723  
	0.070502024774267202  
	0.19411294726910341  
	0.11407110911305168  
	0.31085613273917728  
	0.3918774701438178  
	0.53329670491794601  
	0.11407110911305197  
	0.11407110911305186  
	0.11407110911305131  
	0.1547002652031039  
	0.1547002652031039  
	0.1547002652031037  
	0.15470026520310437  
	0.19411294726910316  
	0.19411294726910372  
	0.19411294726910333  
	0.23299238040473394  
	0.23299238040473408  
	0.232992380404734  
	0.27177500095081319  
	0.27177500095081358  
	0.31085613273917684  
	0.31085613273917712  
	0.35069068592093411  
	0.35069068592093383  
	0.39187747014381702  
	0.4352496218044854  
	0.43524962180448551  
	0.48194561239156236  
	0.070502024774267175  
	0.27177500095081347  
	0.070502024774267202  
	0.15470026520310404  
	0.43524962180448568  
	0.48194561239156281  
	0.39187747014381702  
	0.11407110911305192  
	0.11407110911305132  
	0.23299238040473388  
	0.31085613273917645  
	0.39187747014381691  
	0.43524962180448523  
	0.48194561239156253  
	0.15470026520310387  
	0.39187747014381669  
	0.11407110911305192  
	0.19411294726910322  
	0.27177500095081336  
	0.35069068592093433  
	0.07050202477426723  
	0.35069068592093444  
	0.15470026520310365  
	0.19411294726910314  
	0.31085613273917667  
	0.19411294726910361  
	0.35069068592093416  
	0.43524962180448545  
	0.3918774701438173  
	0.15470026520310376  
	0.31085613273917678  
	0.11407110911305195  
	0.15470026520310423  
	0.31085613273917656  
	0.35069068592093416  
	0.19411294726910358  
	0.27177500095081353  
	0.1547002652031039  
	0.11407110911305209  
	0.07050202477426723  
	0.23299238040473383  
	0.27177500095081386  
	0.27177500095081336  
	0.23299238040473361  
	0.23299238040473411  
	0.23299238040473386  
	0.19411294726910353  
	0.27177500095081308  
	0.64980066026082572  
	0.79951958568786019  
	0.31085613273917673  
	0.35069068592093411  
	0.39187747014381713  
	0.43524962180448512  
	0.48194561239156247  
	0.53329670491794634  
	0.5899994094569746  
	0.70525953719648127  
	0.74743797529849443  
	0.7736146280853361  
	0.78756620320350801  
	0.79434799875140472  
	0.79748369004577035  
	0.79889476909721047  
	0.35069068592093372  
	0.43524962180448495  
	0.53329670491794479  
	0.6498006602608235  
	0.74743797529849132  
	0.78756620320350679  
	0.79748369004576769  
	0.31085613273917656  
	0.7988947690972017  
	0.64980066026082561  
	0.3918774701438168  
	0.43524962180448579  
	0.48194561239156247  
	0.48194561239156275  
	0.53329670491794623  
	0.53329670491794567  
	0.58999940945697527  
	0.58999940945697449  
	0.58999940945697482  
	0.64980066026082539  
	0.64980066026082528  
	0.70525953719648382  
	0.70525953719648116  
	0.70525953719648138  
	0.74743797529849376  
	0.74743797529849298  
	0.77361462808534198  
	0.7736146280853371  
	0.78756620320350901  
	0.79434799875141071  
	0.64980066026082561  
	0.35069068592093405  
	0.79748369004577568  
	0.39187747014381652  
	0.79434799875140349  
	0.70525953719648204  
	0.3918774701438168  
	0.79434799875140583  
	0.58999940945697449  
	0.48194561239156247  
	0.58999940945697316  
	0.77361462808533732  
	0.43524962180448573  
	0.78756620320351356  
	0.64980066026082506  
	0.77361462808533565  
	0.74743797529849665  
	0.48194561239156164  
	0.74743797529849254  
	0.53329670491794612  
	0.5332967049179459  
	0.48194561239156247  
	0.43524962180448573  
	0.70525953719648105  
	0.58999940945697438  
	0.74743797529849287  
	0.78756620320350823  
	0.77361462808533787  
	0.64980066026082595  
	0.7052595371964816  
	0.70525953719647927  
	0.6498006602608255  
	0.58999940945697438  
	0.5332967049179459  
	0.23299238040473375  
	0.39187747014381658  
	0.27177500095081314  
	0.53329670491794623  
	0.31085613273917656  
	0.48194561239156264  
	0.43524962180448545  
	0.35069068592093433  
	0.58999940945697571  
	0.78756620320351012  
	0.79951958568786485  
	0.79979311234405781  
	0.7999626714046566  
	0.79998436791141359  
	0.79434799875140449  
	0.79434799875140538  
	0.79748369004577169  
	0.79748369004577502  
	0.79889476909720469  
	0.79889476909720425  
	0.79951958568786041  
	0.79951958568786519  
	0.79979311234405637  
	0.79991171209760292  
	0.79991171209760681  
	0.79996267140465405  
	0.79998436791141203  
	0.79998436791141125  
	0.79999351859163337  
	0.79999351859163403  
	0.79979311234405714  
	0.79996267140465216  
	0.79998436791141259  
	0.79434799875140594  
	0.79979311234406036  
	0.79996267140465604  
	0.79996267140465238  
	0.7999935185916337  
	0.7988947690972017  
	0.79889476909720414  
	0.79951958568786397  
	0.79951958568786197  
	0.79951958568786741  
	0.79979311234405825  
	0.7997931123440547  
	0.79979311234405792  
	0.79991171209760503  
	0.79991171209760148  
	0.79991171209760414  
	0.79996267140465327  
	0.79996267140465405  
	0.7999843679114127  
	0.79748369004576991  
	0.79979311234405803  
	0.79996267140465338  
	0.79991171209760736  
	0.79998436791141159  
	0.79979311234405936  
	0.7999843679114137  
	0.79748369004577002  
	0.79951958568786319  
	0.79991171209760292  
	0.79748369004576813  
	0.79991171209760448  
	0.79999351859163481  
	0.79951958568786341  
	0.79991171209760292  
	0.79996267140465394  
	0.79889476909720358  
	0.7997931123440617  
	0.79998436791141347  
	0.79991171209760359  
	0.79889476909720913  
	0.79951958568786319  
	0.79996267140465149  
	0.7999843679114127  
	0.79996267140465427  
	0.79991171209760437  
	0.79996267140465349  
	0.79979311234405681  
	0.79991171209760459  
	0.79979311234405537  
	0.79889476909720547  
	0.79996267140465116  
	0.79991171209760115  
	0.79979311234405825  
	0.79951958568785986  
	0.48194561239156264  
	0.70525953719648082  
	0.77361462808533754  
	0.79889476909720292  
	0.53329670491794701  
	0.53329670491794623  
	0.58999940945697504  
	0.58999940945697549  
	0.64980066026082617  
	0.64980066026082572  
	0.70525953719648116  
	0.74743797529849465  
	0.74743797529849465  
	0.77361462808533732  
	0.7875662032035089  
	0.78756620320351045  
	0.79434799875140405  
	0.79434799875140605  
	0.79748369004577135  
	0.79748369004576791  
	0.53329670491794645  
	0.70525953719648227  
	0.7736146280853391  
	0.79748369004576902  
	0.64980066026082639  
	0.6498006602608265  
	0.70525953719648149  
	0.70525953719648071  
	0.74743797529849387  
	0.74743797529849398  
	0.74743797529849276  
	0.77361462808533676  
	0.77361462808533654  
	0.78756620320350934  
	0.78756620320350734  
	0.58999940945697549  
	0.70525953719648105  
	0.77361462808533821  
	0.7943479987514046  
	0.58999940945697582  
	0.74743797529849287  
	0.78756620320350945  
	0.79434799875140638  
	0.70525953719648105  
	0.58999940945697582  
	0.7736146280853381  
	0.79434799875140372  
	0.64980066026082606  
	0.78756620320350779  
	0.64980066026082584  
	0.70525953719648182  
	0.74743797529849387  
	0.77361462808533654  
	0.64980066026082528  
	0.78756620320350756  
	0.74743797529849298  
	0.77361462808533821  
	0.74743797529849232  
	0.70525953719648227  
	0.79748369004577047  
	0.78756620320350823  
	0.79434799875140716  
	0.79951958568786174  
	0.79889476909720181  
	0.79951958568786397  
	0.79999351859163603  
	0.79999998993650978  
	0.79979311234406514  
	0.79979311234405748  
	0.79991171209760181  
	0.79991171209760104  
	0.79996267140465349  
	0.79998436791141381  
	0.79999734023984803  
	0.79999892008214391  
	0.79999956630613234  
	0.79999982777131173  
	0.79999993238248102  
	0.79999997376008725  
	0.79998436791141236  
	0.79999734023984692  
	0.79999956630613556  
	0.79999993238248068  
	0.79999997376008236  
	0.79979311234405959  
	0.79999351859163537  
	0.79996267140466182  
	0.7999626714046546  
	0.79998436791141592  
	0.79998436791141048  
	0.79999351859164192  
	0.79999351859163659  
	0.79999734023984947  
	0.79999734023984415  
	0.79999892008214946  
	0.79999892008214468  
	0.79999956630613633  
	0.79999982777131473  
	0.79991171209760648  
	0.79999351859163548  
	0.79999993238248557  
	0.79996267140465205  
	0.79999982777130973  
	0.79991171209760425  
	0.79999734023984814  
	0.79999982777131007  
	0.79996267140465072  
	0.79999892008213991  
	0.799999566306141  
	0.79999892008214291  
	0.79999734023985414  
	0.79991171209761203  
	0.79999892008214457  
	0.79999956630613711  
	0.79996267140465638  
	0.7999935185916337  
	0.79998436791141381  
	0.79998436791142102  
	0.79999734023984959  
	0.7999935185916317  
	0.79999351859163703  
	0.79998436791141503  
	0.74743797529849265  
	0.79889476909720303  
	0.79889476909720258  
	0.79998436791141103  
	0.77361462808533876  
	0.77361462808533621  
	0.78756620320351023  
	0.7875662032035109  
	0.79434799875140327  
	0.79434799875140572  
	0.79748369004576869  
	0.79748369004577013  
	0.7995195856878603  
	0.79951958568786241  
	0.7997931123440567  
	0.7997931123440597  
	0.79991171209760437  
	0.79991171209760692  
	0.79996267140465471  
	0.79996267140465216  
	0.7736146280853361  
	0.79889476909720203  
	0.79889476909720392  
	0.79996267140465127  
	0.79434799875140705  
	0.79434799875140294  
	0.79748369004577113  
	0.79748369004576758  
	0.79748369004577258  
	0.7988947690972058  
	0.79889476909720136  
	0.79951958568786385  
	0.79951958568785997  
	0.7995195856878653  
	0.79979311234405881  
	0.7997931123440557  
	0.78756620320350679  
	0.79889476909720214  
	0.79889476909720536  
	0.79991171209760159  
	0.78756620320350668  
	0.79951958568786152  
	0.79951958568786474  
	0.79991171209760226  
	0.79434799875140683  
	0.79434799875140782  
	0.79979311234405881  
	0.79979311234406025  
	0.79748369004576736  
	0.7995195856878643  
	0.78756620320351012  
	0.79434799875140327  
	0.79979311234405492  
	0.79991171209760481  
	0.79748369004577069  
	0.79951958568786041  
	0.79889476909720658  
	0.79889476909720136  
	0.79889476909720536  
	0.79748369004577158  
	0.7974836900457678  
	0.79991171209760326  
	0.79979311234405503  
	0.79951958568786208  
	0.79996267140465394  
	0.7999843679114147  
	0.79434799875140583  
	0.79979311234405692  
	0.79889476909720591  
	0.79748369004576847  
	0.78756620320350856  
	0.74743797529849221  
	0.77361462808533954  
	0.79951958568786119  
	0.79991171209760659  
	0.7943479987514046  
	0.79889476909720458  
	0.79979311234405526  
	0.7736146280853391  
	0.58999940945697493  
	0.7052595371964816  
	0.53329670491794656  
	0.79748369004576902  
	0.74743797529849365  
	0.7875662032035069  
	0.64980066026082528  
	0.48194561239156314  
	0.79951958568786941  
	0.58999940945697582  
	0.64980066026082528  
	0.53329670491794579  
	0.70525953719648227  
	0.11407110911305189  
	0.3918774701438178  
	0.27177500095081375  
	0.070502024774266661  
	0.23299238040473391  
	0.48194561239156275  
	0.7875662032035089  
	0.35069068592093455  
	0.74743797529849365  
	0.77361462808533965  
	0.43524962180448529  
	0.15470026520310409  
	0.19411294726910377  
	0.79434799875141004  
	0.79748369004576969  
	0.31085613273917784  
	0.79951958568786297  
	0.79889476909720603  
	0.79748369004576714  
	0.79748369004577158  
	0.79979311234405748  
	0.79999734023984626  
	0.79748369004576813  
	0.79748369004577091  
	0.79889476909720336  
	0.79889476909720669  
	0.79951958568786186  
	0.79979311234405837  
	0.79991171209760259  
	0.79991171209760403  
	0.79996267140464938  
	0.79996267140465382  
	0.79998436791141847  
	0.79998436791141714  
	0.79999351859163659  
	0.79999351859163936  
	0.79889476909720858  
	0.79889476909720225  
	0.79951958568786552  
	0.79748369004577224  
	0.79991171209760348  
	0.79999351859163303  
	0.79889476909720492  
	0.79951958568785875  
	0.79951958568786508  
	0.79951958568786663  
	0.79951958568786397  
	0.79979311234406258  
	0.79979311234405537  
	0.79979311234405881  
	0.7999117120976057  
	0.79991171209760936  
	0.79996267140465183  
	0.79951958568786397  
	0.79979311234405681  
	0.7988947690972017  
	0.79998436791141858  
	0.79889476909720047  
	0.79991171209760481  
	0.79996267140465871  
	0.79889476909720558  
	0.79979311234405692  
	0.7995195856878613  
	0.79951958568786186  
	0.79748369004577091  
	0.79998436791141125  
	0.79979311234405681  
	0.79979311234405381  
	0.79889476909720725  
	0.79996267140465949  
	0.79979311234405903  
	0.79951958568786763  
	0.79951958568786408  
	0.79889476909720558  
	0.79991171209759959  
	0.79996267140465649  
	0.7999117120976057  
	0.79991171209760892  
	0.79998436791141503  
	0.79996267140465516  
	0.79889476909720636  
	0.79979311234406247  
	0.79991171209760203  
	0.7997931123440597  
	0.79951958568786041  
	0.79991171209760481  
	0.79999734023984692  
	0.79999892008214546  
	0.79999998993650945  
	0.79996267140465349  
	0.79996267140465349  
	0.79998436791141547  
	0.79998436791141259  
	0.79999351859163381  
	0.79999351859163015  
	0.79999734023985203  
	0.7999989200821418  
	0.79999956630613489  
	0.799999566306141  
	0.7999998277713124  
	0.79999982777130652  
	0.79999993238248024  
	0.79999993238247857  
	0.79999997376008503  
	0.79999997376008303  
	0.79996267140465382  
	0.79998436791141114  
	0.79999351859163503  
	0.79999892008214746  
	0.79999997376008092  
	0.79999351859163437  
	0.79999351859163426  
	0.79999734023984936  
	0.79999734023984692  
	0.79999734023984503  
	0.79999892008214235  
	0.79999892008214168  
	0.79999892008214091  
	0.79999956630613522  
	0.79999956630613289  
	0.7999998277713074  
	0.79999892008214191  
	0.79999982777130885  
	0.79999982777130663  
	0.79998436791141325  
	0.79999351859163381  
	0.79999734023984614  
	0.79998436791141292  
	0.79999734023984714  
	0.79999734023984237  
	0.79999993238247891  
	0.7999989200821449  
	0.79999351859163448  
	0.79999892008213791  
	0.79999993238248013  
	0.79999956630613756  
	0.79999734023984592  
	0.79999982777130796  
	0.79999956630613511  
	0.79998436791141314  
	0.7999935185916327  
	0.7999999323824819  
	0.79999982777130951  
	0.7999973402398467  
	0.79999956630613345  
	0.79999956630613123  
	0.79999956630613256  
	0.79999892008214046  
	0.79999892008214257  
	0.79999734023984692  
	0.7999935185916367  
	0.79996267140465327  
	0.79998436791140881  
	0.79999351859163981  
	0.79999734023984959  
	0.79996267140465172  
	0.79991171209760381  
	0.79991171209760703  
	0.79999351859163248  
	0.79999999618613449  
	0.79999999857184811  
	0.79996267140465305  
	0.79998436791141481  
	0.79999351859163403  
	0.79999734023985136  
	0.79999892008214679  
	0.79999956630613545  
	0.79999982777131118  
	0.79999993238248901  
	0.79999997376008214  
	0.79999998993651122  
	0.79999999618613449  
	0.79999999618613549  
	0.799999998571848  
	0.7999999994716166  
	0.79999999980686021  
	0.79999999993025861  
	0.79998436791141647  
	0.79999734023985081  
	0.79999956630613833  
	0.79999993238248368  
	0.79999998993652133  
	0.79999998993651444  
	0.79999999857184534  
	0.79999999857185067  
	0.79999999980685998  
	0.79999999618613393  
	0.7999626714046566  
	0.79999999993025006  
	0.79999998993651078  
	0.79998436791141192  
	0.79999999980686776  
	0.79999734023984959  
	0.79999892008214202  
	0.79999892008213946  
	0.79999956630613978  
	0.79999956630613744  
	0.79999982777131184  
	0.79999982777130918  
	0.79999982777130707  
	0.79999993238248135  
	0.79999993238248435  
	0.7999999323824819  
	0.79999997376008491  
	0.79999997376008591  
	0.79999997376008514  
	0.79999997376008403  
	0.79999998993651189  
	0.79999998993651233  
	0.79999998993651333  
	0.79999999618613582  
	0.79999999618613649  
	0.79999999618613804  
	0.79999999857185045  
	0.79999351859163237  
	0.79999999947162415  
	0.79999997376009246  
	0.79999999857185056  
	0.79999351859163825  
	0.79999999947161826  
	0.799999989936513  
	0.79999351859163637  
	0.79999999947161804  
	0.79999993238248246  
	0.79999892008214712  
	0.79999982777131251  
	0.79999734023984448  
	0.79999999857185433  
	0.79999997376008369  
	0.79999999618613638  
	0.79999999618613604  
	0.79999892008214624  
	0.79999982777130985  
	0.79999956630613434  
	0.79999998993651411  
	0.7999999323824839  
	0.799999566306132  
	0.79999892008214535  
	0.79999734023984626  
	0.79999982777131062  
	0.79999999857184989  
	0.79999956630613822  
	0.7999998277713134  
	0.79999999618613249  
	0.79999998993651367  
	0.79999999618613415  
	0.79999997376008591  
	0.79999993238248002  
	0.79999993238248157  
	0.79999998993651444  
	0.79999997376008458  
	0.79999997376008547  
	0.7999626714046546  
	0.79999351859163881  
	0.79999997376008192  
	0.799999989936512  
	0.79999956630613722  
	0.7999998277713164  
	0.7997931123440607  
	0.79999993238247902  
	0.79991171209760381  
	0.79999734023985181  
	0.79998436791141281  
	0.79999892008214224  
	0.79999999999122728  
	0.8000000001664308  
	0.79999999999695437  
	0.79999999999695348  
	0.79999999999898963  
	0.79999999999898586  
	0.79999999999979976  
	0.79999999999979987  
	0.80000000000051563  
	0.80000000000052029  
	0.80000000000250948  
	0.80000000000249893  
	0.80000000001025817  
	0.80000000004134153  
	0.80000000004135707  
	0.80000000016642137  
	0.80000000066957722  
	0.80000000066957366  
	0.80000000269304683  
	0.80000000269304328  
	0.80000001082779681  
	0.80000001082780658  
	0.80000004352138421  
	0.80000000001024418  
	0.80000004352139376  
	0.7999999999969527  
	0.80000000066958266  
	0.8000000026930455  
	0.79999999999979909  
	0.79999999999980032  
	0.80000000000051519  
	0.80000000000051219  
	0.80000000000051086  
	0.80000000000250948  
	0.80000000000250859  
	0.80000000000250981  
	0.80000000000250848  
	0.80000000001025962  
	0.80000000001025917  
	0.80000000001025684  
	0.80000000001025418  
	0.80000000004134442  
	0.8000000000413412  
	0.80000000004134575  
	0.80000000004134508  
	0.8000000001664237  
	0.80000000016642425  
	0.8000000001664247  
	0.80000000066957833  
	0.80000000066958898  
	0.80000000269304439  
	0.80000000001026739  
	0.80000001082779182  
	0.7999999999989863  
	0.80000000016641737  
	0.80000000066958066  
	0.80000000016642292  
	0.80000000000251914  
	0.80000001082779948  
	0.79999999999898774  
	0.80000000066958465  
	0.80000000004134397  
	0.80000000269303917  
	0.79999999999898685  
	0.80000000000051397  
	0.80000000001025595  
	0.80000000001025562  
	0.79999999999979876  
	0.80000000269304272  
	0.80000000066958521  
	0.80000000000051141  
	0.80000000066958232  
	0.7999999999998022  
	0.80000000016642192  
	0.80000000000250793  
	0.80000000004134619  
	0.80000000016642259  
	0.80000000000051219  
	0.80000000004134708  
	0.80000000000251248  
	0.80000000016641803  
	0.80000000066958366  
	0.8000000026930516  
	0.79999999999979787  
	0.80000000000051308  
	0.80000000004134064  
	0.8000000001664147  
	0.80000000001025329  
	0.80000000000251348  
	0.80000000001025684  
	0.80000000000250993  
	0.80000000004134653  
	0.80000000016642547  
	0.80000000004134741  
	0.80000000001025617  
	0.79999999999122973  
	0.80000001082778815  
	0.8000000435213892  
	0.80000070251205446  
	0.79999999999696625  
	0.79999999999898752  
	0.79999999999980187  
	0.80000000000051075  
	0.8000000000025097  
	0.80000000004134308  
	0.8000000001664076  
	0.80000000066959531  
	0.80000000269304394  
	0.8000000026930435  
	0.8000000108278007  
	0.80000004352139142  
	0.8000000435213952  
	0.80000017487942865  
	0.80000017487942821  
	0.79999999999898863  
	0.80000000000051108  
	0.80000000001025218  
	0.80000000016642003  
	0.80000001082781558  
	0.79999999999695537  
	0.80000000001025728  
	0.80000001082779748  
	0.80000017487941022  
	0.79999999999980898  
	0.80000000000051297  
	0.80000000000251936  
	0.80000000000251281  
	0.80000000001025551  
	0.80000000004134175  
	0.80000000004134553  
	0.80000000016642259  
	0.80000000016643624  
	0.80000000066958332  
	0.8000000006695821  
	0.80000000066957988  
	0.80000000269302807  
	0.80000000269304539  
	0.80000001082780059  
	0.8000000108278098  
	0.79999999999899907  
	0.8000001748794261  
	0.80000000269304528  
	0.79999999999979965  
	0.80000000269305716  
	0.80000004352137932  
	0.79999999999980009  
	0.80000000066956711  
	0.80000004352139575  
	0.80000001082779448  
	0.80000000000250748  
	0.80000000004134142  
	0.80000000000051863  
	0.80000004352139609  
	0.80000004352140175  
	0.80000001082778338  
	0.80000000000250626  
	0.80000000269305949  
	0.80000000001025362  
	0.80000000269304594  
	0.80000001082780059  
	0.8000000001664217  
	0.80000000001025795  
	0.80000000269304083  
	0.80000000066958277  
	0.80000000001026839  
	0.80000000000250948  
	0.80000000000051863  
	0.80000000066958299  
	0.80000000004134364  
	0.80000001082780037  
	0.80000000269304516  
	0.80000000004134564  
	0.80000000066958166  
	0.8000000001664227  
	0.80000000004135807  
	0.80000000066959764  
	0.80000000016641992  
	0.80000000016641926  
	0.79999999857185677  
	0.79999999997511151  
	0.80000000000050719  
	0.79999999947161804  
	0.79999999947161571  
	0.79999999980685577  
	0.79999999993024795  
	0.79999999993024873  
	0.79999999997511573  
	0.7999999999912274  
	0.79999999999695803  
	0.79999999999695204  
	0.79999999999899363  
	0.79999999999898541  
	0.79999999999978832  
	0.79999999999979798  
	0.79999999980685665  
	0.79999999999123028  
	0.79999999980686098  
	0.79999999997511173  
	0.7999999999997941  
	0.7999999999302535  
	0.7999999999302525  
	0.79999999997510784  
	0.79999999997511206  
	0.79999999999123306  
	0.79999999999122384  
	0.79999999999694393  
	0.79999999999695592  
	0.79999999999122728  
	0.79999999947162392  
	0.79999999997511806  
	0.79999999999898197  
	0.79999999980686154  
	0.7999999999751124  
	0.7999999998068642  
	0.79999999999123417  
	0.79999999999898697  
	0.79999999993024573  
	0.79999999999122828  
	0.79999999999695881  
	0.79999999999695282  
	0.79999999993025328  
	0.79999999999123284  
	0.79999999997511739  
	0.79999999999694837  
	0.79999999999897631  
	0.79999999999122129  
	0.79999999993024729  
	0.79999999997511728  
	0.7999999999751084  
	0.79999999993024562  
	0.79999999980685632  
	0.79999999999979754  
	0.8000000000005113  
	0.79999999999695492  
	0.79999999999898741  
	0.79999999999124072  
	0.80000000000050209  
	0.80000000001025318  
	0.80000000004133032  
	0.79999999999898952  
	0.79999999999980587  
	0.8000000000025056  
	0.80000000066958254  
	0.79999999999122751  
	0.80000000269303428  
	0.80000000016643424  
	0.79999999999695193  
	0.79999999980685832  
	0.79999999947161349  
	0.79999999947161904  
	0.79999999993025173  
	0.79999999997511417  
	0.79999999857184945  
	0.79999999997512361  
	0.79999999618614348  
	0.799999998571849  
	0.79999999947161571  
	0.79999892008214568  
	0.79999998993651134  
	0.7999999999997971  
	0.79999956630613656  
	0.79999956630613223  
	0.79999982777131062  
	0.79999982777130552  
	0.79999993238247813  
	0.79999993238248179  
	0.79999997376008647  
	0.79999997376008503  
	0.79999998993651067  
	0.79999999618613549  
	0.79999999618613649  
	0.79999999857184423  
	0.79999999857184811  
	0.79999999947161415  
	0.79999999980685876  
	0.79999999993026139  
	0.79999999997511229  
	0.7999999999912295  
	0.79999999999695515  
	0.79999999999898019  
	0.79999999999899007  
	0.7999999998068531  
	0.79999999997510485  
	0.799999566306139  
	0.79999998993651322  
	0.79999999999897897  
	0.79999993238248313  
	0.79999993238247902  
	0.79999997376008458  
	0.79999997376009102  
	0.79999997376007814  
	0.799999989936509  
	0.79999998993651555  
	0.79999998993651089  
	0.79999999618613804  
	0.79999999618613604  
	0.79999999618614237  
	0.79999999618613005  
	0.79999999857184756  
	0.79999999857184378  
	0.79999999857185045  
	0.79999999857184834  
	0.79999999947161604  
	0.79999999947162026  
	0.79999999947161959  
	0.79999999947162626  
	0.79999999980685699  
	0.79999999980685577  
	0.79999999980685976  
	0.79999999993024828  
	0.79999999993025461  
	0.79999999993025062  
	0.79999999997511229  
	0.79999999997511351  
	0.79999999999122373  
	0.79999999999123472  
	0.79999999999695193  
	0.79999982777131429  
	0.79999998993651211  
	0.79999999999694538  
	0.79999999947161171  
	0.79999982777130663  
	0.79999999618613371  
	0.79999999999898519  
	0.79999999857184889  
	0.79999993238248202  
	0.79999998993651522  
	0.79999999947161637  
	0.79999999993024906  
	0.79999999999122984  
	0.7999999999969466  
	0.79999993238247624  
	0.79999999999121973  
	0.79999999997511029  
	0.79999997376008447  
	0.79999999947161504  
	0.79999997376008658  
	0.7999999961861306  
	0.79999999857185677  
	0.79999999980686065  
	0.79999999999122728  
	0.79999999999695859  
	0.79999998993650701  
	0.79999999997511939  
	0.79999997376008192  
	0.79999993238248723  
	0.79999982777131118  
	0.79999999993024773  
	0.79999999993024218  
	0.79999999980685832  
	0.79999998993651966  
	0.79999999857184434  
	0.79999999618613471  
	0.79999999980686298  
	0.79999999997511406  
	0.79999999993024851  
	0.79999999618613737  
	0.79999998993651322  
	0.7999999737600807  
	0.7999999994716126  
	0.79999999980686953  
	0.7999999994716176  
	0.79999999857185045  
	0.799999998571852  
	0.79999999618613349  
	0.80000000000051363  
	0.80000000004135907  
	0.80000000016641959  
	0.79999999857184922  
	0.79999999947161915  
	0.79999999980685899  
	0.79999999993024951  
	0.79999999997511473  
	0.79999999997511495  
	0.79999999999124072  
	0.79999999999695126  
	0.79999999999898963  
	0.79999999999980065  
	0.80000000000251081  
	0.80000000000251004  
	0.80000000001025884  
	0.80000000001025406  
	0.80000000004135818  
	0.80000000004134764  
	0.79999999947161715  
	0.79999999993025028  
	0.79999999999695448  
	0.79999999999980032  
	0.80000000001025595  
	0.79999999857184945  
	0.80000000000051363  
	0.8000000000102554  
	0.80000000004134131  
	0.79999999980685954  
	0.79999999993025261  
	0.79999999997511728  
	0.79999999997511195  
	0.79999999999122862  
	0.79999999999123217  
	0.79999999999122962  
	0.79999999999695381  
	0.7999999999969597  
	0.79999999999695337  
	0.79999999999899885  
	0.79999999999898408  
	0.79999999999898885  
	0.79999999999898586  
	0.79999999999979843  
	0.79999999999979909  
	0.79999999999980653  
	0.79999999999979954  
	0.80000000000052451  
	0.80000000000051186  
	0.8000000000005113  
	0.80000000000051141  
	0.80000000000251914  
	0.8000000000025117  
	0.8000000000005163  
	0.80000000001025273  
	0.79999999947161771  
	0.8000000000025097  
	0.79999999999123028  
	0.80000000000051297  
	0.80000000001025751  
	0.7999999998068591  
	0.79999999999980309  
	0.80000000001025984  
	0.79999999980686132  
	0.7999999999989853  
	0.80000000000250826  
	0.80000000000250981  
	0.79999999997511362  
	0.79999999993024906  
	0.79999999997511417  
	0.79999999999696536  
	0.80000000001026994  
	0.8000000000025218  
	0.79999999999122784  
	0.80000000000250715  
	0.8000000000025137  
	0.80000000000051241  
	0.79999999993025173  
	0.79999999997511662  
	0.80000000000051341  
	0.79999999999899341  
	0.79999999999981142  
	0.79999999999695259  
	0.80000000000051263  
	0.80000000000250981  
	0.80000000001026772  
	0.7999999999912335  
	0.7999999999969557  
	0.79999999999979698  
	0.80000000000052129  
	0.79999999999979821  
	0.79999999999979954  
	0.79999999999898752  
	0.79999999999898674  
	0.79999999999898708  
	0.79999999999695171  
	0.79999999999123028  
	0.79999999618613493  
	0.79999999947161637  
	0.79999999997512516  
	0.79999999999980065  
	0.7999999999989883  
	0.7999999999302505  
	0.7999999998068581  
	0.79999999999122751  
	0.799999998571851  
	0.79999999999695537  
	0.79998436791141647  
	0.79999734023984448  
	0.7999973402398467  
	0.79999993238248057  
	0.79999351859163326  
	0.79999351859163781  
	0.79999734023984503  
	0.79999892008214124  
	0.79999892008214024  
	0.79999956630613733  
	0.799999566306133  
	0.7999998277713114  
	0.79999982777130829  
	0.79999993238247968  
	0.79999997376008491  
	0.79999997376008458  
	0.79999998993650989  
	0.79999999618613249  
	0.79999999618613227  
	0.79999999857184656  
	0.79999999947160783  
	0.79999999980685843  
	0.79999999993024784  
	0.79999734023984626  
	0.79999892008214013  
	0.79999892008214368  
	0.7999999985718419  
	0.7999999999302595  
	0.79999351859163836  
	0.79999892008214324  
	0.79999993238248102  
	0.79999998993650956  
	0.79999892008214557  
	0.79999892008214424  
	0.79999956630613411  
	0.79999956630613256  
	0.79999956630613689  
	0.79999956630613211  
	0.79999982777131007  
	0.79999982777130463  
	0.79999982777130874  
	0.79999982777131085  
	0.79999993238247824  
	0.79999993238248346  
	0.79999993238247546  
	0.79999993238247868  
	0.79999997376007725  
	0.79999997376008336  
	0.79999997376008458  
	0.79999998993651722  
	0.79999998993650323  
	0.79999999618613382  
	0.79999999947162659  
	0.7999999998068551  
	0.79999734023985081  
	0.7999973402398457  
	0.79999999980686798  
	0.79999892008214601  
	0.79999999947161149  
	0.79999956630613278  
	0.79999997376008025  
	0.79999734023984903  
	0.79999999618613471  
	0.79999956630613744  
	0.79999999947161593  
	0.79999993238247724  
	0.79999892008214379  
	0.7999999323824819  
	0.79999892008214168  
	0.79999734023985047  
	0.79999999857185755  
	0.79999982777130818  
	0.79999999857184745  
	0.79999997376008114  
	0.79999956630613578  
	0.79999998993650534  
	0.79999956630613644  
	0.79999999857183945  
	0.79999982777130652  
	0.79999999618612549  
	0.79999956630613167  
	0.79999892008214035  
	0.79999982777131173  
	0.79999999618612749  
	0.79999999618614204  
	0.79999982777130652  
	0.79999982777130652  
	0.79999998993651211  
	0.79999993238248246  
	0.79999993238247524  
	0.79999997376008736  
	0.79999997376008092  
	0.79999956630613556  
	0.79999998993650989  
	0.799999989936513  
	0.79999997376007648  
	0.79999993238248057  
	0.79999982777130485  
	0.7999989200821408  
	0.79999997376008714  
	0.80000000001026084  
	0.80000000004134064  
	0.80000000004134297  
	0.79999998993651023  
	0.79999998993650967  
	0.79999999618613538  
	0.79999999618613638  
	0.79999999857184756  
	0.79999999857184612  
	0.7999999994716166  
	0.79999999947161637  
	0.7999999998068541  
	0.79999999993024118  
	0.79999999993024662  
	0.79999999997511329  
	0.79999999997511506  
	0.79999999999123683  
	0.79999999999122839  
	0.79999999999695326  
	0.7999999999989873  
	0.79999999999979921  
	0.80000000000051397  
	0.80000000000250715  
	0.80000000001025973  
	0.79999999999899118  
	0.80000000000051308  
	0.8000000000102514  
	0.79999999980685821  
	0.79999998993651522  
	0.80000000001025329  
	0.79999999857184823  
	0.7999999985718439  
	0.79999999947161737  
	0.79999999947161748  
	0.79999999947161793  
	0.79999999980685788  
	0.79999999980685965  
	0.79999999980685432  
	0.79999999993025028  
	0.79999999993025173  
	0.79999999993024962  
	0.7999999999751084  
	0.79999999997511151  
	0.79999999997511384  
	0.79999999999122129  
	0.79999999999122884  
	0.79999999999123028  
	0.79999999999695182  
	0.79999999999695115  
	0.79999999999695215  
	0.79999999999897953  
	0.79999999999898608  
	0.79999999999979721  
	0.79999999999979843  
	0.80000000000050775  
	0.79999999980685543  
	0.79999999618613704  
	0.80000000001025395  
	0.79999999999695981  
	0.79999999997511118  
	0.79999999999695348  
	0.79999999999979854  
	0.79999999947161393  
	0.79999999618613093  
	0.80000000000250648  
	0.79999999999122828  
	0.80000000000051052  
	0.79999999857184922  
	0.79999999980685854  
	0.80000000000250837  
	0.79999999980685987  
	0.80000000000250659  
	0.7999999999302505  
	0.79999999997510551  
	0.79999999618613393  
	0.80000000000050964  
	0.79999999993024562  
	0.79999999857185011  
	0.79999999947161748  
	0.79999999999979299  
	0.79999999997511329  
	0.79999999999898663  
	0.79999999993024795  
	0.7999999998068591  
	0.79999999947161171  
	0.79999999857184945  
	0.79999999947161582  
	0.79999999993025039  
	0.79999999980686032  
	0.79999999997511495  
	0.79999999999122751  
	0.79999999999898552  
	0.79999999999980065  
	0.79999999999695348  
	0.79999999999122873  
	0.79999999999122906  
	0.79999999999694649  
	0.7999999999302444  
	0.80000000000251092  
	0.80000000000051297  
	0.79999999999122517  
	0.7999999999751144  
	0.79999999999898563  
	0.79999999999979798  
	0.79999999999898563  
	0.79999999999695326  
	0.79999999993024951  
	0.79999999947161338  
	0.79999997376008225  
	0.79999999980685044  
	0.79999999997512306  
	0.79999999618613327  
	0.79999998993651344  
	0.79999999857184723  
	0.7999999999969567  
	0.79999982777131051  
	0.79999993238248246  
	0.799999566306133  
	0.79999999999122962  
	0.79999892008213969  
	0.79999999993025039  
	0.7999999998068581  
	0.79999999997511284  
	0.79999999857184678  
	0.79999998993651322  
	0.80000000000251503  
	0.8000000000005193  
	0.7999999961861356  
	0.79999999999899263  
	0.79999999947161526  
	0.79999999999980576  
	0.79999997376008269  
	0.79999999999695537  
	0.79999999999123073  
	0.79999999857184789  
	0.80000000000251148  
	0.80000000001025395  
	0.79999982777130962  
	0.79999997376008247  
	0.79999999999898719  
	0.79999999947161515  
	0.80000000000051297  
	0.79999734023984459  
	0.80000000004135075  
	0.79999892008214146  
	0.79999999993024828  
	0.79999999980685699  
	0.79999993238248446  
	0.7999999999998012  
	0.79999999997511151  
	0.79999956630613411  
	0.79999999618613238  
	0.79999998993651411  
	0.7999935185916337  
	0.79998436791141214  
	0.79999351859163303  
	0.79748369004577235  
	0.79999734023984614  
	0.79999999618613138  
	0.79999993238248357  
	0.79748369004577213  
	0.79999734023984725  
	0.79999351859163303  
	0.79999998993651444  
	0.79991171209760392  
	0.79979311234405925  
	0.79996267140465682  
	0.79999892008214368  
	0.79999734023984781  
	0.79889476909720325  
	0.79996267140465638  
	0.79748369004576991  
	0.79434799875140349  
	0.79951958568786274  
	0.79999351859163215  
	0.79748369004577357  
	0.79434799875140716  
	0.79999351859163581  
	0.79999997376008269  
	0.7943479987514066  
	0.79998436791141647  
	0.79434799875140338  
	0.79434799875140727  
	0.79999956630613622  
	0.79998436791141359  
	0.79999982777130629  
	0.79748369004576825  
	0.79999734023984925  
	0.79999734023984514  
	0.79998436791141425  
	0.79999351859163492  
	0.79998436791141125  
	0.79434799875140583  
	0.9821840204511183  
	0.98574321369092233  
	0.98903400280325637  
	0.99451567210692216  
	0.98310991285230054  
	0.98400899240516404  
	0.98488560102462819  
	0.98574321369091755  
	0.98658466672707135  
	0.98741232155878877  
	0.98822818535290224  
	0.98822818535288059  
	0.98903400280323117  
	0.98983132905240645  
	0.98983132905239879  
	0.99062159131379202  
	0.99140614573417729  
	0.99140614573413  
	0.99218633638740905  
	0.992186336387336  
	0.99296356553443166  
	0.99296356553443932  
	0.99373939001782385  
	0.9937393900178072  
	0.98400899240514694  
	0.98658466672708389  
	0.98903400280324494  
	0.99062159131373828  
	0.98310991285230942  
	0.99373939001782485  
	0.98488560102459621  
	0.98574321369093443  
	0.98658466672710821  
	0.98741232155879077  
	0.98741232155879666  
	0.9882281853528827  
	0.98822818535291668  
	0.98822818535287971  
	0.98903400280325193  
	0.98903400280325271  
	0.98903400280324516  
	0.98903400280325793  
	0.98983132905243265  
	0.9898313290524402  
	0.98983132905240734  
	0.98983132905241977  
	0.9906215913137616  
	0.9906215913137445  
	0.99062159131377947  
	0.99140614573419605  
	0.99140614573414831  
	0.99218633638738385  
	0.98983132905245641  
	0.99062159131373095  
	0.98400899240513673  
	0.99296356553441489  
	0.99140614573416674  
	0.98741232155879499  
	0.98488560102461387  
	0.98903400280326781  
	0.98983132905240401  
	0.98488560102463008  
	0.98822818535288171  
	0.99140614573412111  
	0.99296356553443288  
	0.98658466672707645  
	0.98658466672707412  
	0.98574321369091866  
	0.98574321369090778  
	0.99062159131372785  
	0.99296356553443654  
	0.98741232155877823  
	0.9890340028032425  
	0.99218633638740206  
	0.98983132905243221  
	0.98574321369094187  
	0.98658466672709122  
	0.98983132905243598  
	0.98903400280324849  
	0.99218633638737652  
	0.98741232155880942  
	0.99062159131378136  
	0.9914061457341502  
	0.98822818535288937  
	0.99062159131374494  
	0.99218633638741016  
	0.99140614573417885  
	0.99062159131377381  
	0.98822818535289736  
	0.98903400280323406  
	0.98983132905242843  
	0.98983132905242666  
	0.99218633638739706  
	0.9914061457341542  
	0.9906215913137828  
	0.98903400280327558  
	0.98822818535288737  
	0.98741232155878189  
	0.98822818535290291  
	0.9882281853528937  
	0.99140614573414809  
	0.99529484622780229  
	0.9890340028032627  
	0.98903400280323894  
	0.98983132905241966  
	0.99062159131375938  
	0.99296356553443954  
	0.99373939001781064  
	0.99451567210690839  
	0.99529484622774811  
	0.9890340028032536  
	0.98983132905242888  
	0.99062159131377625  
	0.99218633638741405  
	0.99373939001787082  
	0.99451567210689384  
	0.99529484622776354  
	0.99140614573417363  
	0.99373939001784117  
	0.99451567210692204  
	0.99451567210697966  
	0.98983132905243232  
	0.98983132905244242  
	0.99062159131374017  
	0.99062159131371996  
	0.99062159131378535  
	0.99140614573416452  
	0.99140614573418162  
	0.99140614573417485  
	0.99218633638738218  
	0.99218633638736253  
	0.99218633638741538  
	0.99296356553444054  
	0.99296356553443754  
	0.99296356553442466  
	0.99373939001779932  
	0.99218633638741682  
	0.99451567210691827  
	0.98983132905243609  
	0.98903400280326625  
	0.98983132905244242  
	0.99296356553448506  
	0.99140614573414509  
	0.99373939001782885  
	0.98903400280325504  
	0.99373939001779066  
	0.99218633638737042  
	0.989831329052418  
	0.99373939001779721  
	0.99062159131377014  
	0.99062159131377014  
	0.99296356553442011  
	0.99296356553446219  
	0.9914061457341462  
	0.9906215913137536  
	0.99140614573418728  
	0.99218633638740528  
	0.9914061457341744  
	0.99218633638738651  
	0.99062159131378025  
	0.99451567210692604  
	0.99140614573411778  
	0.98983132905240068  
	0.99296356553440834  
	0.99373939001783018  
	0.992963565534423  
	0.99218633638740805  
	0.9921863363874126  
	0.99529484622773834  
	0.99608045388592392  
	0.99296356553444221  
	0.9937393900178193  
	0.99373939001782396  
	0.99451567210694003  
	0.99451567210690683  
	0.99529484622780151  
	0.99608045388600719  
	0.99608045388600996  
	0.99687839309826898  
	0.99687839309826298  
	0.99770055182519302  
	0.9985804379375034  
	0.99858043793756146  
	0.99687839309823911  
	0.99858043793751838  
	0.99858043793746276  
	0.9985804379375075  
	0.99858043793754558  
	0.99296356553445497  
	0.99529484622774844  
	0.99608045388603994  
	0.99529484622775188  
	0.99770055182518469  
	0.99451567210691527  
	0.9952948462277238  
	0.99529484622776665  
	0.99608045388598088  
	0.99608045388600408  
	0.99687839309827386  
	0.99687839309818471  
	0.99770055182519479  
	0.99770055182526429  
	0.99770055182520101  
	0.99373939001782763  
	0.99770055182517459  
	0.99687839309825643  
	0.99608045388600086  
	0.99770055182518347  
	0.99858043793754359  
	0.99373939001785228  
	0.99687839309820714  
	0.99770055182518802  
	0.99858043793762863  
	0.99687839309824089  
	0.99451567210690472  
	0.99529484622775843  
	0.99858043793747486  
	0.99608045388596889  
	0.99770055182518136  
	0.99451567210692049  
	0.99451567210693537  
	0.99858043793762752  
	0.99529484622777198  
	0.99608045388599098  
	0.99687839309827242  
	0.99770055182523587  
	0.99687839309822934  
	0.99608045388605726  
	0.99687839309826876  
	0.997700551825213  
	0.99858043793758655  
	0.99529484622777087  
	0.99687839309826975  
	0.99770055182510686  
	0.99687839309825932  
	0.99608045388595179  
	0.99529484622774789  
	0.99608045388603117  
	0.99608045388597499  
	0.99529484622773468  
	0.99608045388598632  
	0.99296356553443343  
	0.99529484622768594  
	0.99451567210691094  
	0.99218633638737563  
	0.99451567210694147  
	0.99373939001785661  
	0.9921863363874055  
	0.99451567210691494  
	0.99373939001780931  
	0.99062159131374494  
	0.98983132905244242  
	0.9929635655344442  
	0.99140614573417762  
	0.91547592225934926  
	0.96485778438768577  
	0.97053187458192436  
	0.97688219355337802  
	0.93979012102108084  
	0.93979012102107651  
	0.95281774595907887  
	0.9528177459590762  
	0.96020567020481506  
	0.96020567020481551  
	0.96485778438768011  
	0.96809258195114534  
	0.96809258195114867  
	0.97053187458192269  
	0.97249108578902921  
	0.97249108578902932  
	0.97414227415935961  
	0.9755854948463043  
	0.97558549484629398  
	0.93979012102108361  
	0.96485778438768688  
	0.97249108578903143  
	0.97053187458192269  
	0.97558549484630341  
	0.96020567020481429  
	0.96020567020481074  
	0.96485778438768988  
	0.96485778438768732  
	0.96809258195114545  
	0.96809258195113568  
	0.968092581951146  
	0.97053187458192014  
	0.97249108578902466  
	0.95281774595908053  
	0.9648577843876871  
	0.9705318745819137  
	0.97414227415936117  
	0.97053187458192469  
	0.95281774595907309  
	0.96809258195114434  
	0.96809258195113834  
	0.97414227415937549  
	0.97414227415936794  
	0.95281774595907753  
	0.97053187458192014  
	0.96485778438768843  
	0.97249108578902832  
	0.96020567020481684  
	0.97053187458192003  
	0.97249108578901655  
	0.96020567020481506  
	0.96485778438768566  
	0.97249108578901433  
	0.9602056702048144  
	0.96809258195114611  
	0.97053187458190859  
	0.96809258195114845  
	0.96485778438767966  
	0.96809258195114478  
	0.97414227415936272  
	0.97807189512747772  
	0.98310991285232818  
	0.97053187458192025  
	0.97053187458192003  
	0.97249108578901722  
	0.9724910857890261  
	0.9741422741593766  
	0.97558549484629709  
	0.97558549484631263  
	0.97688219355338257  
	0.97688219355337169  
	0.97807189512748605  
	0.97918105236920705  
	0.98022798771690478  
	0.98122578033035923  
	0.98122578033034846  
	0.98218402045112851  
	0.97918105236919917  
	0.9821840204511274  
	0.97053187458192147  
	0.97414227415936083  
	0.97558549484630896  
	0.97414227415937171  
	0.97558549484630208  
	0.97688219355338202  
	0.97807189512748638  
	0.97807189512749637  
	0.97918105236921171  
	0.98022798771691821  
	0.98122578033037278  
	0.97249108578902443  
	0.97558549484630619  
	0.97688219355338224  
	0.97807189512747617  
	0.97807189512748016  
	0.98122578033036711  
	0.97414227415937182  
	0.97414227415937149  
	0.97688219355338635  
	0.97918105236921305  
	0.98022798771690967  
	0.97249108578902765  
	0.97249108578902499  
	0.97414227415937094  
	0.9755854948463063  
	0.97918105236922293  
	0.98022798771689112  
	0.97558549484630852  
	0.97807189512748638  
	0.97688219355337624  
	0.97688219355338068  
	0.97918105236921227  
	0.98022798771690434  
	0.97807189512748804  
	0.97688219355338302  
	0.97558549484631107  
	0.97414227415937238  
	0.97053187458192058  
	0.97249108578902865  
	0.97414227415937726  
	0.96809258195114478  
	0.97688219355337613  
	0.97558549484629575  
	0.97558549484630452  
	0.97918105236920205  
	0.98400899240514894  
	0.98658466672708434  
	0.97688219355338546  
	0.97688219355337169  
	0.97807189512747805  
	0.97807189512747206  
	0.97918105236921038  
	0.98022798771690556  
	0.98022798771690489  
	0.98122578033037622  
	0.9812257803303519  
	0.98218402045113051  
	0.98218402045111208  
	0.98310991285230065  
	0.98400899240513318  
	0.98488560102459799  
	0.98574321369092088  
	0.98574321369092099  
	0.97688219355337691  
	0.97918105236920416  
	0.98310991285230187  
	0.98488560102460854  
	0.9791810523692116  
	0.98022798771689479  
	0.98122578033034624  
	0.98218402045111919  
	0.98310991285231231  
	0.9840089924051405  
	0.97918105236919628  
	0.98122578033035524  
	0.98122578033036656  
	0.98310991285229987  
	0.98574321369091267  
	0.97807189512749093  
	0.98400899240513418  
	0.98488560102461009  
	0.9780718951274836  
	0.97918105236921671  
	0.98488560102460243  
	0.98022798771691877  
	0.98310991285231109  
	0.98400899240514283  
	0.98022798771690911  
	0.97918105236919994  
	0.97807189512747383  
	0.98400899240514306  
	0.98022798771689046  
	0.98122578033034225  
	0.98310991285231064  
	0.98218402045111397  
	0.98218402045111119  
	0.98022798771690611  
	0.98218402045110487  
	0.98218402045110531  
	0.98122578033035868  
	0.98022798771692388  
	0.98741232155881264  
	0.98741232155879666  
	0.9874123215587941  
	0.98122578033036589  
	0.98122578033035257  
	0.98218402045113495  
	0.98218402045112452  
	0.98310991285233773  
	0.98400899240515238  
	0.98488560102459244  
	0.98658466672708744  
	0.98741232155878045  
	0.98822818535289536  
	0.98822818535288826  
	0.9840089924051626  
	0.98574321369094731  
	0.98658466672709344  
	0.98658466672709022  
	0.98741232155879444  
	0.98122578033038121  
	0.98574321369090168  
	0.98822818535290735  
	0.98658466672711187  
	0.98310991285231852  
	0.98310991285231575  
	0.98400899240516637  
	0.9840089924051465  
	0.98488560102461031  
	0.98488560102461342  
	0.9848856010246354  
	0.98574321369093387  
	0.98574321369090812  
	0.98658466672710587  
	0.9821840204511415  
	0.98741232155879965  
	0.98658466672706735  
	0.98310991285232852  
	0.98218402045111608  
	0.98741232155880632  
	0.98574321369092199  
	0.98400899240517303  
	0.98658466672710021  
	0.98741232155878556  
	0.98658466672708733  
	0.98488560102461309  
	0.9821840204511223  
	0.98574321369091744  
	0.98574321369094164  
	0.98310991285234073  
	0.98488560102460432  
	0.98488560102463751  
	0.98400899240514839  
	0.98658466672707068  
	0.98574321369091977  
	0.98488560102462797  
	0.98400899240514672  
	0.98310991285232163  
	0.98400899240512807  
	0.98218402045113995  
	0.98310991285232219  
	0.98488560102460165  
	0.9812257803303619  
	0.98574321369091522  
	0.98658466672708445  
	0.98022798771689768  
	0.97918105236920683  
	0.97807189512748682  
	0.98022798771690112  
	0.97558549484629742  
	0.98218402045111675  
	0.9812257803303529  
	0.97688219355336769  
	0.9831099128523092  
	0.98741232155879921  
	0.98658466672708423  
	0.9821840204511042  
	0.9874123215587981  
	0.98822818535287127  
	0.9882281853528917  
	0.98903400280325804  
	0.98822818535289791  
	0.98488560102461109  
	0.98822818535289181  
	0.98310991285232718  
	0.98822818535291113  
	0.98903400280326714  
	0.9857432136909049  
	0.98903400280323783  
	0.98400899240517026  
	0.98741232155879755  
	0.80000001082779737  
	0.91547592225934504  
	0.96485778438768566  
	0.80000004352137288  
	0.80000017487941  
	0.8000007025120498  
	0.80000282130342504  
	0.80001132698317046  
	0.80004545471108302  
	0.80018220223224967  
	0.80072755632586612  
	0.80072755632587789  
	0.80286359270375174  
	0.80286359270375285  
	0.81068547909289612  
	0.81068547909291166  
	0.83374702493878228  
	0.83374702493877184  
	0.87552917266592833  
	0.87552917266592889  
	0.91547592225934049  
	0.93979012102108128  
	0.93979012102108017  
	0.95281774595907665  
	0.95281774595907742  
	0.96020567020480951  
	0.96020567020481673  
	0.80000017487941799  
	0.80000282130342359  
	0.80004545471106903  
	0.80000004352139054  
	0.91547592225934193  
	0.96020567020481329  
	0.80000070251203559  
	0.80000282130342226  
	0.80001132698316169  
	0.80001132698316668  
	0.80004545471107458  
	0.80004545471107391  
	0.80018220223225467  
	0.800182202232254  
	0.80018220223226022  
	0.80072755632587622  
	0.80072755632587578  
	0.80072755632588788  
	0.80286359270375707  
	0.80286359270375907  
	0.80286359270374585  
	0.8106854790928979  
	0.81068547909290845  
	0.81068547909290212  
	0.83374702493877517  
	0.83374702493876429  
	0.83374702493877484  
	0.87552917266593466  
	0.87552917266593067  
	0.87552917266593966  
	0.91547592225933749  
	0.91547592225934227  
	0.93979012102107784  
	0.93979012102108195  
	0.91547592225933827  
	0.95281774595907642  
	0.80000017487940456  
	0.80018220223224679  
	0.80000070251204436  
	0.93979012102107884  
	0.9528177459590742  
	0.80000070251203992  
	0.8755291726659219  
	0.93979012102107662  
	0.80072755632587278  
	0.8000113269831638  
	0.80018220223226455  
	0.81068547909289934  
	0.80286359270375895  
	0.87552917266592389  
	0.80000282130341938  
	0.9154759222593466  
	0.93979012102107939  
	0.95281774595908031  
	0.80001132698316035  
	0.81068547909289335  
	0.91547592225934238  
	0.80004545471107424  
	0.8337470249387946  
	0.87552917266592767  
	0.8000028213034287  
	0.80001132698316224  
	0.80072755632588044  
	0.83374702493878772  
	0.80004545471107569  
	0.80018220223225578  
	0.81068547909288369  
	0.91547592225934415  
	0.87552917266591979  
	0.83374702493878217  
	0.80286359270375662  
	0.80072755632586823  
	0.80286359270376761  
	0.80072755632587589  
	0.83374702493877928  
	0.81068547909289768  
	0.80286359270375574  
	0.80018220223225389  
	0.80004545471108002  
	0.81068547909288857  
	0.96809258195113945  
	0.98022798771691311  
	0.83374702493877073  
	0.87552917266592611  
	0.91547592225934415  
	0.93979012102107773  
	0.95281774595907798  
	0.96020567020481551  
	0.96485778438768388  
	0.97053187458191625  
	0.97249108578902421  
	0.97414227415937638  
	0.9755854948462972  
	0.97688219355337502  
	0.97807189512749648  
	0.97918105236921926  
	0.87552917266592734  
	0.93979012102108173  
	0.96020567020481806  
	0.968092581951152  
	0.97249108578903232  
	0.97558549484631285  
	0.97807189512749038  
	0.8337470249387724  
	0.97918105236921305  
	0.96809258195114201  
	0.91547592225933838  
	0.93979012102107895  
	0.95281774595907831  
	0.95281774595907875  
	0.96020567020481595  
	0.96020567020481207  
	0.96485778438768655  
	0.96485778438768799  
	0.9648577843876901  
	0.96809258195114734  
	0.96809258195114078  
	0.97053187458192036  
	0.97053187458191748  
	0.97053187458192702  
	0.97249108578902788  
	0.97249108578901899  
	0.97414227415937227  
	0.97414227415936805  
	0.97558549484631008  
	0.97688219355338635  
	0.96809258195114434  
	0.87552917266592145  
	0.97807189512749548  
	0.91547592225934371  
	0.9768821935533869  
	0.97053187458191914  
	0.9154759222593406  
	0.9768821935533899  
	0.9648577843876871  
	0.95281774595907542  
	0.96485778438769165  
	0.97414227415936128  
	0.93979012102107828  
	0.97558549484631008  
	0.96809258195115022  
	0.97414227415937815  
	0.97249108578902754  
	0.95281774595907986  
	0.97249108578903276  
	0.96020567020481584  
	0.96020567020481506  
	0.95281774595907875  
	0.93979012102108006  
	0.9705318745819147  
	0.96485778438768866  
	0.9724910857890241  
	0.97558549484630097  
	0.9741422741593756  
	0.96809258195114534  
	0.97053187458192292  
	0.97053187458192858  
	0.96809258195114478  
	0.96485778438768255  
	0.96020567020481651  
	0.80286359270374574  
	0.83374702493877628  
	0.93979012102107895  
	0.96020567020481162  
	0.96485778438768188  
	0.91547592225934071  
	0.81068547909289157  
	0.95281774595907998  
	0.875529172665932  
	0.80000000004134431  
	0.8000000001664147  
	0.80000017487941766  
	0.80072755632587866  
	0.80000000016641681  
	0.80000000016642259  
	0.80000000066958432  
	0.80000000066958299  
	0.80000000269304639  
	0.80000000269305704  
	0.80000001082781713  
	0.80000001082779559  
	0.80000004352139509  
	0.8000001748794241  
	0.80000070251205024  
	0.80000070251205124  
	0.80000282130342271  
	0.80000282130342115  
	0.80001132698316391  
	0.80001132698316324  
	0.80004545471107547  
	0.80004545471109245  
	0.80018220223225922  
	0.80018220223224779  
	0.80000000066957577  
	0.8000000435214103  
	0.80000000016642092  
	0.80000001082779448  
	0.80000017487942376  
	0.80018220223226066  
	0.80000000269303806  
	0.8000000026930445  
	0.80000000269303606  
	0.80000001082780059  
	0.80000001082779681  
	0.80000001082778982  
	0.8000000108277977  
	0.80000004352138765  
	0.80000004352139309  
	0.80000004352138521  
	0.80000004352140885  
	0.80000017487941821  
	0.80000017487941155  
	0.80000017487941555  
	0.8000001748794171  
	0.80000070251204858  
	0.80000070251204447  
	0.80000070251206645  
	0.80000282130342348  
	0.80000282130341793  
	0.8000113269831669  
	0.80000004352139731  
	0.80000000066958099  
	0.80000070251204392  
	0.80004545471106681  
	0.800000000669575  
	0.80000070251204425  
	0.80001132698316424  
	0.80000001082780281  
	0.80000000066957655  
	0.80000282130342437  
	0.80004545471108035  
	0.80000000269304428  
	0.80000004352139353  
	0.80000000269304161  
	0.8000001748794171  
	0.80001132698315647  
	0.80000282130342504  
	0.80000000269304528  
	0.80000001082779271  
	0.80000070251204369  
	0.80000001082779104  
	0.80000004352138943  
	0.80000004352138998  
	0.80000017487943664  
	0.80001132698318522  
	0.80000282130344691  
	0.80000004352138987  
	0.80000282130342704  
	0.80000070251203981  
	0.80000001082779926  
	0.80000000269303673  
	0.80000000066958277  
	0.80000282130342648  
	0.80004545471107813  
	0.80001132698316557  
	0.8000000435213831  
	0.80000070251204092  
	0.80000070251204447  
	0.80000017487941411  
	0.80000017487942132  
	0.80000017487941666  
	0.80000017487942121  
	0.80000004352138909  
	0.80000001082781391  
	0.80000000066960086  
	0.80286359270375962  
	0.87552917266594343  
	0.80000000000050631  
	0.80000000000250604  
	0.80000000001025784  
	0.80000000004134519  
	0.80000000016642159  
	0.80000000016642037  
	0.8000000006695811  
	0.80000000269302285  
	0.80000000269304261  
	0.80000001082778716  
	0.80000004352139498  
	0.80000017487941955  
	0.80000017487941777  
	0.80000070251205158  
	0.80000070251206423  
	0.80000282130343059  
	0.80000282130342881  
	0.80001132698316402  
	0.80001132698317079  
	0.80004545471107813  
	0.80004545471107114  
	0.80018220223225278  
	0.80018220223225789  
	0.8007275563258881  
	0.80072755632587977  
	0.80286359270375363  
	0.81068547909289912  
	0.83374702493878072  
	0.83374702493879427  
	0.80000000001025229  
	0.80000000066959487  
	0.80000001082779693  
	0.80000000000050298  
	0.80000000016642192  
	0.80000000016642214  
	0.80000000016641926  
	0.80286359270376317  
	0.83374702493879826  
	0.80000000004132865  
	0.80000000016641393  
	0.80000000066958576  
	0.80000000269304727  
	0.80000000269304539  
	0.80000001082780103  
	0.80000004352139253  
	0.80000017487942099  
	0.80000070251204791  
	0.80000282130342526  
	0.800011326983182  
	0.80004545471107591  
	0.80018220223226166  
	0.80072755632587223  
	0.80000000066958077  
	0.80000000000249771  
	0.81068547909291444  
	0.80000000066958155  
	0.80000000000250571  
	0.81068547909290845  
	0.80000000066958321  
	0.80000000066956212  
	0.80000000004134586  
	0.80000001082780192  
	0.80000017487942421  
	0.80000282130342548  
	0.80004545471107258  
	0.80072755632587411  
	0.80000004352139065  
	0.80286359270376906  
	0.80000000001024241  
	0.81068547909289845  
	0.80286359270375496  
	0.80000000001025151  
	0.8000000026930536  
	0.80000070251204569  
	0.80001132698316579  
	0.80072755632588299  
	0.80018220223225145  
	0.80000000004133787  
	0.80000000269304239  
	0.80000001082780547  
	0.80072755632588166  
	0.80286359270376007  
	0.80000000016640416  
	0.80000000004134098  
	0.80004545471108179  
	0.80018220223225534  
	0.800000000669573  
	0.80000000016642436  
	0.80004545471109001  
	0.80018220223226844  
	0.80000282130344436  
	0.80001132698316268  
	0.80000000016642214  
	0.80000282130342892  
	0.80001132698316746  
	0.80000070251204713  
	0.80000000066958432  
	0.80000000269304783  
	0.80000000269303317  
	0.80000070251204969  
	0.80000001082780159  
	0.8000001748794211  
	0.80000000066958377  
	0.80000000269304583  
	0.80000004352139553  
	0.80000017487941932  
	0.80000004352139575  
	0.80000004352139364  
	0.80000001082779948  
	0.80000282130343148  
	0.80000004352138965  
	0.800727556325881  
	0.80004545471107469  
	0.80000000269306326  
	0.80000070251205113  
	0.8000113269831618  
	0.8000001748794362  
	0.80018220223225811  
	0.80000001082779626  
	0.81068547909289124  
	0.80000001082777761  
	0.80286359270376828  
	0.80072755632587278  
	0.875529172665932  
	0.80000004352138065  
	0.80000282130343192  
	0.80004545471107125  
	0.80001132698317112  
	0.80000017487942277  
	0.83374702493877861  
	0.80018220223225689  
	0.80000000269304283  
	0.80000070251204558  
	0.98022798771691533  
	0.95281774595907898  
	0.96809258195114345  
	0.97249108578902055  
	0.98122578033037444  
	0.9791810523692237  
	0.96485778438768621  
	0.9705318745819137  
	0.96020567020481495  
	0.9755854948463103  
	0.93979012102108095  
	0.97414227415937027  
	0.91547592225934771  
	0.97807189512747961  
	0.97688219355337325  
	0.98122578033035324  
	0.98574321369091844  
	0.98903400280324116  
	0.99296356553440446  
	0.98218402045113395  
	0.98310991285229954  
	0.98310991285232918  
	0.98400899240511885  
	0.98400899240514639  
	0.98488560102460943  
	0.98488560102458778  
	0.98574321369092488  
	0.98658466672708567  
	0.98658466672706879  
	0.98741232155880632  
	0.98741232155878711  
	0.98822818535292112  
	0.9882281853529179  
	0.98903400280324105  
	0.98983132905241977  
	0.99062159131381489  
	0.99062159131377026  
	0.99140614573417762  
	0.9914061457341401  
	0.99218633638739728  
	0.99218633638738918  
	0.9821840204511153  
	0.98574321369089968  
	0.98903400280328568  
	0.99218633638738873  
	0.98400899240514528  
	0.98488560102458889  
	0.98488560102462075  
	0.98574321369088447  
	0.98574321369090812  
	0.98574321369093387  
	0.98658466672708456  
	0.98658466672706324  
	0.98658466672708012  
	0.98741232155879521  
	0.98741232155876735  
	0.98741232155878045  
	0.98822818535291368  
	0.98822818535291179  
	0.98822818535287194  
	0.98903400280324616  
	0.98903400280323028  
	0.98983132905242721  
	0.98983132905245264  
	0.99062159131377447  
	0.9831099128523294  
	0.99140614573416419  
	0.98658466672708522  
	0.98983132905247673  
	0.98822818535287527  
	0.98983132905242766  
	0.98310991285231442  
	0.9914061457341693  
	0.98903400280325637  
	0.98488560102460643  
	0.98488560102457534  
	0.98658466672708822  
	0.98400899240515549  
	0.99140614573417052  
	0.98822818535290513  
	0.98574321369091211  
	0.98903400280325238  
	0.99062159131376104  
	0.98400899240516471  
	0.98488560102463207  
	0.98903400280327125  
	0.9906215913137848  
	0.98658466672710454  
	0.98574321369089024  
	0.98741232155879965  
	0.98983132905243831  
	0.99062159131375915  
	0.98983132905243021  
	0.98574321369091744  
	0.98488560102460532  
	0.98400899240512862  
	0.98658466672706902  
	0.98741232155880088  
	0.98822818535290036  
	0.98741232155878433  
	0.9874123215588132  
	0.98903400280326892  
	0.98574321369091211  
	0.99062159131375072  
	0.98983132905241555  
	0.98658466672705392  
	0.9882281853528857  
	0.98903400280324816  
	0.98822818535287171  
	0.98741232155877967  
	0.97249108578903443  
	0.98022798771689057  
	0.9882281853528827  
	0.97414227415937427  
	0.97414227415936794  
	0.97558549484630941  
	0.9768821935533829  
	0.97688219355338446  
	0.97807189512747283  
	0.97807189512748616  
	0.97918105236920383  
	0.97918105236920561  
	0.98122578033035424  
	0.98218402045110365  
	0.98310991285232074  
	0.98400899240515172  
	0.98488560102460654  
	0.98488560102461364  
	0.98574321369092699  
	0.98658466672706935  
	0.98658466672710854  
	0.98741232155877967  
	0.9821840204511032  
	0.98574321369091533  
	0.98741232155876446  
	0.97558549484630686  
	0.9802279877168979  
	0.9802279877168999  
	0.98400899240513895  
	0.97688219355339179  
	0.97807189512748371  
	0.9780718951274795  
	0.97918105236921726  
	0.97918105236921948  
	0.97918105236920594  
	0.980227987716904  
	0.98022798771690212  
	0.98022798771691  
	0.98122578033036767  
	0.98122578033036567  
	0.98122578033035912  
	0.98122578033035979  
	0.98218402045111752  
	0.98218402045111564  
	0.98218402045112574  
	0.98310991285231275  
	0.98310991285232485  
	0.9831099128523122  
	0.98400899240513584  
	0.98400899240514594  
	0.98488560102463429  
	0.98741232155877712  
	0.97414227415938337  
	0.9802279877168979  
	0.98658466672707612  
	0.97558549484630031  
	0.97918105236919994  
	0.9791810523692116  
	0.98658466672707568  
	0.97558549484631585  
	0.98574321369091034  
	0.98574321369094808  
	0.97688219355337769  
	0.98122578033034669  
	0.98310991285230098  
	0.9831099128523213  
	0.98488560102461442  
	0.98022798771690955  
	0.97688219355337924  
	0.98400899240514028  
	0.98022798771691211  
	0.97918105236921571  
	0.97688219355337425  
	0.98488560102460032  
	0.98488560102460243  
	0.98218402045112263  
	0.97807189512749526  
	0.98400899240516371  
	0.98310991285230698  
	0.97807189512749049  
	0.97918105236921027  
	0.9831099128523112  
	0.98400899240514217  
	0.97807189512749093  
	0.97807189512747894  
	0.98122578033036112  
	0.98218402045112518  
	0.98218402045112296  
	0.98122578033034824  
	0.980227987716905  
	0.97918105236920716  
	0.9812257803303529  
	0.98218402045112796  
	0.98122578033035612  
	0.98022798771691566  
	0.98658466672709777  
	0.98122578033033769  
	0.98741232155882297  
	0.98400899240515349  
	0.98488560102461786  
	0.98574321369091988  
	0.98218402045110087  
	0.98310991285229621  
	0.9882281853528837  
	0.98822818535288248  
	0.9977005518251435  
	0.98658466672710554  
	0.98658466672709788  
	0.98741232155880343  
	0.98741232155881442  
	0.98903400280326959  
	0.98983132905244742  
	0.99062159131377403  
	0.99140614573415176  
	0.99218633638740628  
	0.99296356553446441  
	0.99373939001783784  
	0.99451567210688663  
	0.99529484622774733  
	0.99608045388598299  
	0.99687839309821635  
	0.99858043793747719  
	0.99858043793748752  
	0.98903400280327081  
	0.99062159131378347  
	0.99451567210694669  
	0.9960804538860456  
	0.99858043793750662  
	0.98658466672711331  
	0.98822818535291002  
	0.99218633638742104  
	0.99770055182520334  
	0.99858043793756668  
	0.98741232155876923  
	0.98822818535290013  
	0.98822818535290435  
	0.98903400280321807  
	0.98983132905243765  
	0.99529484622775244  
	0.99608045388594812  
	0.99687839309827464  
	0.99687839309825665  
	0.99770055182524353  
	0.98983132905242743  
	0.99770055182527873  
	0.99770055182520767  
	0.98741232155881631  
	0.9937393900178465  
	0.98822818535292067  
	0.99858043793761042  
	0.99687839309829152  
	0.99687839309825954  
	0.98658466672706802  
	0.99140614573417463  
	0.99529484622770681  
	0.99770055182518846  
	0.98741232155881042  
	0.98822818535291623  
	0.99140614573418684  
	0.99770055182524264  
	0.99858043793756723  
	0.98903400280327092  
	0.99608045388599542  
	0.99687839309822324  
	0.99608045388598854  
	0.99451567210692682  
	0.99529484622776598  
	0.99062159131377925  
	0.98903400280325682  
	0.9874123215588092  
	0.98822818535285883  
	0.9898313290524493  
	0.9906215913137485  
	0.98983132905239846  
	0.98903400280326603  
	0.98903400280324261  
	0.99296356553442278  
	0.99296356553441434  
	0.99687839309830462  
	0.9898313290524613  
	0.98983132905240911  
	0.9906215913137717  
	0.99062159131379479  
	0.99140614573416719  
	0.99140614573416563  
	0.9921863363873874  
	0.99218633638738696  
	0.99373939001779921  
	0.99373939001781264  
	0.99451567210697089  
	0.99451567210692615  
	0.99529484622775943  
	0.99529484622775777  
	0.99608045388599442  
	0.99608045388596456  
	0.98983132905242099  
	0.99296356553442655  
	0.99296356553443754  
	0.99608045388603461  
	0.99140614573418506  
	0.99140614573414587  
	0.99218633638738263  
	0.9921863363873904  
	0.99218633638743858  
	0.99296356553447007  
	0.99296356553441956  
	0.9937393900178173  
	0.9937393900178324  
	0.9937393900178666  
	0.99451567210694936  
	0.99451567210694125  
	0.99062159131375116  
	0.99296356553446874  
	0.99296356553443332  
	0.99529484622780107  
	0.99062159131374738  
	0.9937393900178626  
	0.99373939001783107  
	0.99529484622773856  
	0.99140614573416375  
	0.99140614573420371  
	0.99451567210691771  
	0.99451567210696434  
	0.99218633638738707  
	0.99373939001786449  
	0.99062159131379235  
	0.99140614573416219  
	0.99451567210696734  
	0.99529484622778197  
	0.99218633638739906  
	0.99373939001781275  
	0.99296356553448961  
	0.99296356553443821  
	0.9929635655344069  
	0.99218633638743103  
	0.99218633638740883  
	0.99529484622774722  
	0.98903400280323006  
	0.99140614573416508  
	0.99218633638736142  
	0.99608045388598021  
	0.99062159131376881  
	0.99296356553444765  
	0.99687839309819481  
	0.98983132905245552  
	0.99373939001781342  
	0.99451567210693093  
	0.99140614573418051  
	0.99373939001781075  
	0.9985804379374893  
	0.99858043793758411  
	0.99218633638738496  
	0.99218633638742859  
	0.99296356553439535  
	0.99296356553446286  
	0.99373939001778688  
	0.99373939001783063  
	0.99451567210692937  
	0.99451567210690084  
	0.99529484622776521  
	0.99529484622769004  
	0.99608045388597077  
	0.99608045388601285  
	0.99687839309826409  
	0.99687839309826409  
	0.99770055182523332  
	0.99770055182521988  
	0.99451567210690239  
	0.99858043793752038  
	0.99858043793750761  
	0.99858043793748352  
	0.9985804379375236  
	0.99858043793755036  
	0.9985804379374954  
	0.99858043793756091  
	0.9985804379374198  
	0.99858043793757445  
	0.99858043793753726  
	0.99858043793759388  
	0.99218633638740872  
	0.99373939001783718  
	0.99373939001787526  
	0.99451567210687586  
	0.99451567210696279  
	0.99451567210699143  
	0.99529484622771425  
	0.99529484622777953  
	0.99529484622780939  
	0.99529484622773101  
	0.9952948462277672  
	0.99608045388601352  
	0.99608045388599398  
	0.99608045388600597  
	0.99608045388600452  
	0.99608045388599642  
	0.99608045388595934  
	0.99687839309825643  
	0.99687839309819148  
	0.99687839309824189  
	0.99687839309832993  
	0.99687839309823001  
	0.99687839309826409  
	0.99687839309821713  
	0.99770055182517792  
	0.99770055182525941  
	0.99770055182522965  
	0.99770055182529171  
	0.99770055182517947  
	0.99770055182520445  
	0.99770055182520601  
	0.99770055182519835  
	0.99296356553445331  
	0.99770055182526429  
	0.9977005518252402  
	0.99451567210691239  
	0.99858043793751239  
	0.99858043793754758  
	0.99296356553448228  
	0.99687839309822668  
	0.99687839309822979  
	0.99296356553443865  
	0.99529484622771447  
	0.99451567210691094  
	0.9985804379375296  
	0.99858043793759066  
	0.99770055182518413  
	0.99770055182514239  
	0.99373939001785672  
	0.99858043793752105  
	0.99608045388599264  
	0.99687839309827031  
	0.99770055182518336  
	0.99373939001787748  
	0.9977005518251284  
	0.99858043793753015  
	0.9960804538859368  
	0.99687839309821702  
	0.99451567210695557  
	0.99608045388600663  
	0.99687839309825943  
	0.99770055182524275  
	0.996878393098245  
	0.99529484622776609  
	0.99608045388594191  
	0.99529484622775455  
	0.99529484622774533  
	0.996080453885961  
	0.99608045388604005  
	0.99687839309824677  
	0.99858043793751849  
	0.99770055182517281  
	0.99529484622776632  
	0.99451567210695202  
	0.99373939001779066  
	0.99529484622778597  
	0.99858043793761497  
	0.99770055182519402  
	0.99687839309828574  
	0.99608045388603328  
	0.99451567210689484  
	0.99529484622778874  
	0.9937393900178203  
	0.99858043793752005  
	0.99770055182526451  
	0.99687839309823967  
	0.99451567210690317  
	0.99608045388600386  
	0.99140614573420582  
	0.99140614573416963  
	0.99296356553443299  
	0.99062159131375593  
	0.98658466672709599  
	0.98903400280327258  
	0.98741232155877712  
	0.99218633638736642  
	0.98822818535288026  
	0.98983132905241977  
	0.99218633638741238  
	0.9937393900177951  
	0.99296356553443843  
	0.80001132698316924  
	0.87552917266592811  
	0.91547592225934704  
	0.97053187458192081  
	0.80004545471106836  
	0.80004545471107402  
	0.80018220223225633  
	0.80018220223224834  
	0.80072755632588544  
	0.80072755632587622  
	0.80286359270374907  
	0.80286359270376195  
	0.81068547909289246  
	0.81068547909289035  
	0.83374702493876773  
	0.91547592225933994  
	0.93979012102108228  
	0.93979012102107851  
	0.9528177459590762  
	0.95281774595907487  
	0.96020567020481784  
	0.96020567020481518  
	0.96485778438768988  
	0.96485778438768832  
	0.96809258195115044  
	0.96809258195114689  
	0.80004545471107946  
	0.83374702493877284  
	0.87552917266592245  
	0.96809258195114556  
	0.80072755632586867  
	0.80072755632587878  
	0.80286359270375796  
	0.8028635927037624  
	0.80286359270374541  
	0.81068547909290689  
	0.81068547909289224  
	0.81068547909290445  
	0.81068547909289845  
	0.83374702493878727  
	0.8337470249387966  
	0.83374702493877118  
	0.83374702493878305  
	0.875529172665935  
	0.87552917266593522  
	0.87552917266594099  
	0.87552917266593511  
	0.91547592225934549  
	0.91547592225935204  
	0.91547592225934316  
	0.91547592225934737  
	0.93979012102108328  
	0.93979012102108472  
	0.93979012102108306  
	0.95281774595908186  
	0.95281774595907953  
	0.96020567020481851  
	0.93979012102107884  
	0.96020567020481706  
	0.80018220223225855  
	0.96485778438768821  
	0.87552917266592667  
	0.875529172665925  
	0.800182202232256  
	0.96485778438769121  
	0.83374702493877983  
	0.83374702493877328  
	0.80072755632587667  
	0.80286359270375596  
	0.93979012102107917  
	0.96020567020481806  
	0.81068547909289312  
	0.91547592225933949  
	0.80018220223224745  
	0.95281774595908109  
	0.96485778438768899  
	0.83374702493879116  
	0.91547592225934182  
	0.80072755632587944  
	0.93979012102108372  
	0.81068547909288513  
	0.96020567020481651  
	0.87552917266593466  
	0.8028635927037493  
	0.91547592225934871  
	0.95281774595908164  
	0.93979012102108284  
	0.80286359270376451  
	0.81068547909290212  
	0.87552917266594588  
	0.91547592225934693  
	0.93979012102108017  
	0.95281774595907953  
	0.95281774595908053  
	0.81068547909290156  
	0.8337470249387825  
	0.87552917266593833  
	0.9154759222593476  
	0.9528177459590832  
	0.96020567020481806  
	0.80286359270376084  
	0.80072755632586767  
	0.83374702493879072  
	0.93979012102108483  
	0.91547592225935071  
	0.91547592225934893  
	0.87552917266592711  
	0.87552917266593888  
	0.83374702493877917  
	0.81068547909290778  
	0.80000004352139154  
	0.80000017487943664  
	0.80000282130342504  
	0.80018220223225456  
	0.87552917266593278  
	0.80000004352139076  
	0.8000001748794302  
	0.80000017487940778  
	0.80000017487942332  
	0.80000070251203925  
	0.80000070251204991  
	0.80000070251205013  
	0.80000282130342193  
	0.80000282130344036  
	0.80001132698315969  
	0.80004545471108079  
	0.80018220223226499  
	0.8001822022322479  
	0.80072755632587389  
	0.80072755632589188  
	0.80286359270374896  
	0.80286359270375196  
	0.81068547909289768  
	0.81068547909292021  
	0.83374702493877628  
	0.80000070251204458  
	0.80000070251204758  
	0.80001132698317634  
	0.80001132698316624  
	0.80004545471108601  
	0.83374702493878017  
	0.80000004352139209  
	0.80000017487941977  
	0.80000070251205102  
	0.80000282130343503  
	0.83374702493878405  
	0.80004545471107669  
	0.80000070251204758  
	0.80000282130343936  
	0.80000282130342781  
	0.80000282130344391  
	0.8000028213034317  
	0.80001132698316446  
	0.80001132698315724  
	0.80001132698316824  
	0.80001132698315902  
	0.80004545471107513  
	0.80004545471107991  
	0.80004545471107391  
	0.80004545471109201  
	0.80004545471109501  
	0.80018220223224956  
	0.80018220223226089  
	0.80018220223226422  
	0.80018220223225622  
	0.80072755632587755  
	0.80072755632587733  
	0.80072755632589387  
	0.80286359270376351  
	0.80286359270375729  
	0.80000017487941955  
	0.80000282130342026  
	0.80001132698317334  
	0.83374702493879571  
	0.80000070251206379  
	0.80000282130342681  
	0.80004545471108524  
	0.80072755632587134  
	0.80000017487941955  
	0.80000282130343137  
	0.81068547909289967  
	0.80001132698317301  
	0.80000282130343092  
	0.80000282130342915  
	0.80286359270375385  
	0.80018220223227343  
	0.80286359270377583  
	0.80000070251205091  
	0.80000282130342237  
	0.80000070251204802  
	0.80001132698317101  
	0.81068547909290789  
	0.80004545471106814  
	0.80001132698318389  
	0.80001132698317656  
	0.80004545471107702  
	0.80000282130342693  
	0.80000070251205946  
	0.80001132698317945  
	0.80004545471108623  
	0.80004545471107369  
	0.8106854790928959  
	0.80001132698317035  
	0.80072755632587189  
	0.80001132698316557  
	0.80000282130341738  
	0.80000070251203648  
	0.80286359270375851  
	0.80018220223225456  
	0.80018220223225323  
	0.80004545471106947  
	0.80018220223227243  
	0.80072755632587489  
	0.80072755632588177  
	0.80001132698316213  
	0.81068547909289579  
	0.80286359270375562  
	0.80018220223225867  
	0.80072755632588066  
	0.80018220223225489  
	0.80004545471108202  
	0.80018220223225844  
	0.80001132698316324  
	0.80286359270375174  
	0.81068547909288635  
	0.80072755632588399  
	0.87552917266593522  
	0.80004545471106925  
	0.83374702493878317  
	0.96020567020481173  
	0.97249108578903198  
	0.98574321369094564  
	0.96485778438768122  
	0.96485778438768677  
	0.968092581951146  
	0.968092581951151  
	0.97053187458192047  
	0.97053187458192447  
	0.97249108578902888  
	0.9741422741593726  
	0.97414227415936305  
	0.97558549484630708  
	0.97558549484630819  
	0.97688219355337624  
	0.97688219355338579  
	0.97807189512747728  
	0.97807189512748782  
	0.97918105236920661  
	0.97918105236919639  
	0.98022798771691488  
	0.98022798771690944  
	0.98122578033037178  
	0.9812257803303821  
	0.9821840204511213  
	0.98310991285228388  
	0.98400899240513806  
	0.98488560102461908  
	0.98310991285234162  
	0.98488560102458866  
	0.98488560102463629  
	0.9648577843876821  
	0.97249108578902654  
	0.97053187458191503  
	0.97053187458191859  
	0.97249108578902055  
	0.97249108578903742  
	0.97414227415936738  
	0.97414227415937005  
	0.97414227415937238  
	0.97558549484630008  
	0.97558549484631563  
	0.97558549484631052  
	0.9768821935533788  
	0.97688219355338746  
	0.9768821935533728  
	0.97807189512749793  
	0.97807189512748505  
	0.97807189512748183  
	0.97918105236921893  
	0.9791810523691975  
	0.97918105236921271  
	0.98022798771690889  
	0.98022798771690334  
	0.98022798771691222  
	0.98122578033034058  
	0.98122578033036278  
	0.98122578033033625  
	0.9821840204511153  
	0.98218402045112763  
	0.9821840204511314  
	0.98310991285231963  
	0.98310991285228899  
	0.9840089924051596  
	0.98400899240515882  
	0.96809258195114034  
	0.97249108578902821  
	0.98218402045114539  
	0.9848856010246283  
	0.96809258195114545  
	0.97414227415937249  
	0.98122578033036589  
	0.98400899240515449  
	0.97249108578902754  
	0.97688219355337469  
	0.97558549484629953  
	0.97918105236922148  
	0.97807189512748904  
	0.98122578033036256  
	0.96809258195114123  
	0.9840089924051717  
	0.98310991285230886  
	0.97558549484630253  
	0.9791810523692116  
	0.9705318745819167  
	0.9831099128523284  
	0.97053187458192214  
	0.97249108578902133  
	0.98218402045109343  
	0.97414227415938359  
	0.97688219355338091  
	0.98022798771689168  
	0.97414227415936638  
	0.97558549484630519  
	0.97249108578902532  
	0.97053187458192869  
	0.98310991285232285  
	0.98488560102461487  
	0.98400899240511575  
	0.98218402045112674  
	0.97414227415937527  
	0.97558549484630985  
	0.97807189512749215  
	0.97807189512748516  
	0.97688219355339234  
	0.98022798771691622  
	0.97918105236921371  
	0.98022798771688335  
	0.98122578033036756  
	0.97688219355337924  
	0.98218402045109554  
	0.98122578033035812  
	0.98022798771690822  
	0.9791810523692096  
	0.97807189512747661  
	0.80072755632589176  
	0.95281774595907853  
	0.9791810523692307  
	0.80286359270374996  
	0.80286359270375207  
	0.81068547909291078  
	0.83374702493877262  
	0.87552917266594676  
	0.91547592225935104  
	0.93979012102108295  
	0.96020567020481962  
	0.96485778438769254  
	0.96809258195114778  
	0.97053187458191514  
	0.97249108578902921  
	0.97414227415936738  
	0.97558549484630841  
	0.9768821935533657  
	0.97807189512748538  
	0.83374702493877995  
	0.91547592225934271  
	0.91547592225934915  
	0.95281774595908186  
	0.96485778438769254  
	0.9705318745819308  
	0.97414227415938326  
	0.9768821935533949  
	0.97807189512750226  
	0.80286359270377605  
	0.95281774595908231  
	0.83374702493878361  
	0.87552917266593688  
	0.87552917266595098  
	0.91547592225933905  
	0.91547592225934749  
	0.93979012102108039  
	0.93979012102108339  
	0.93979012102108106  
	0.93979012102108439  
	0.95281774595907454  
	0.95281774595907531  
	0.9528177459590782  
	0.96020567020481518  
	0.96020567020481595  
	0.96020567020481418  
	0.96020567020481773  
	0.96485778438768044  
	0.96485778438768355  
	0.96485778438768688  
	0.96809258195114478  
	0.96809258195114611  
	0.96809258195114634  
	0.97053187458191881  
	0.97053187458191703  
	0.97249108578902754  
	0.97249108578902099  
	0.97414227415936083  
	0.97558549484630153  
	0.81068547909292232  
	0.95281774595908275  
	0.97688219355337724  
	0.91547592225934682  
	0.8106854790928929  
	0.97558549484632073  
	0.96020567020481995  
	0.81068547909289568  
	0.97558549484629464  
	0.96485778438768621  
	0.87552917266592445  
	0.93979012102108306  
	0.96809258195115322  
	0.97053187458192081  
	0.8337470249388077  
	0.97414227415936516  
	0.97414227415937304  
	0.87552917266593477  
	0.93979012102108439  
	0.97249108578901933  
	0.91547592225935281  
	0.9528177459590782  
	0.9705318745819187  
	0.97249108578903776  
	0.83374702493879194  
	0.87552917266593655  
	0.96020567020481007  
	0.91547592225934538  
	0.9397901210210784  
	0.96809258195114378  
	0.93979012102108228  
	0.95281774595907998  
	0.97053187458192325  
	0.97249108578902355  
	0.95281774595907998  
	0.96809258195114378  
	0.9397901210210764  
	0.91547592225935071  
	0.9648577843876891  
	0.95281774595907742  
	0.96809258195113979  
	0.96485778438768921  
	0.96485778438768688  
	0.96020567020481895  
	0.96020567020481529  
	0.96020567020481251  
	0.97807189512746862  
	0.9724910857890201  
	0.97918105236921127  
	0.97414227415937493  
	0.97053187458192414  
	0.96020567020481506  
	0.97558549484630652  
	0.96809258195114989  
	0.98022798771692798  
	0.97688219355338524  
	0.96485778438769232  
	0.80072755632586856  
	0.87552917266592867  
	0.80072755632587345  
	0.91547592225934682  
	0.93979012102108117  
	0.95281774595907631  
	0.87552917266593588  
	0.96020567020481096  
	0.80018220223226977  
	0.96485778438768743  
	0.80286359270377083  
	0.81068547909289135  
	0.87552917266594477  
	0.96809258195114634  
	0.97053187458192491  
	0.83374702493880404  
	0.98122578033037022  
	0.97558549484630863  
	0.97414227415937504  
	0.98400899240511963  
	0.98488560102460709  
	0.98574321369093476  
	0.98658466672710798  
	0.97918105236919561  
	0.98574321369090423  
	0.98218402045113373  
	0.98574321369094198  
	0.97249108578902554  
	0.98310991285231375  
	0.98574321369093099  
	0.97807189512748149  
	0.98022798771690345  
	0.97688219355338146  
	0.99687839309828596  
	0.80004545471107524  
	0.96485778438768977  
	0.91547592225934049  
	0.97249108578902876  
	0.99296356553438347  
	0.97807189512747938  
	0.99770055182520712  
	0.87552917266594132  
	0.99858043793749451  
	0.97688219355336992  
	0.96809258195114845  
	0.8028635927037544  
	0.99451567210692837  
	0.9831099128523213  
	0.80072755632586767  
	0.95281774595907931  
	0.96020567020481129  
	0.81068547909289868  
	0.98574321369091256  
	0.98741232155878889  
	0.99529484622773412  
	0.97414227415937393  
	0.98122578033035712  
	0.97918105236920527  
	0.98903400280322828  
	0.97558549484630841  
	0.98022798771690178  
	0.99062159131376804  
	0.83374702493877895  
	0.99218633638734965  
	0.98822818535286461  
	0.98983132905242044  
	0.80000282130343203  
	0.99140614573414254  
	0.80001132698315836  
	0.98488560102462475  
	0.93979012102107784  
	0.97053187458192769  
	0.99608045388597655  
	0.98218402045112163  
	0.99373939001785028  
	0.98658466672709133  
	0.98400899240515838  
	0.8001822022322681  
	0.80000070251204602  
	0.80000001082779804  
	0.80000017487941977  
	0.80000017487942243  
	0.80000004352139564  
	0.8000000001664358  
	0.80000000269304261  
	0.80000000066958232  
	0.8000028213034357  
	0.80000000000251126  
	0.80000000016642392  
	0.80000001082780148  
	0.80000004352141052  
	0.80000000016643769  
	0.80000000001025606  
	0.80000000016641692  
	0.80000000004134608  
	0.80000070251205579  
	0.80000070251205813  
	0.80000000004134741  
	0.80000000004134642  
	0.80000001082779737  
	0.80000004352139054  
	0.80000017487941788  
	0.79999999999979055  
	0.80000004352138054  
	0.80000000016642092  
	0.80000000004134408  
	0.80000017487942321  
	0.7999999999997921  
	0.80000017487941244  
	0.80000000004134386  
	0.80000004352140086  
	0.80000000004133787  
	0.80000000066959365  
	0.80000070251204036  
	0.80000000004134075  
	0.80000000000050975  
	0.80000001082779837  
	0.80000000269303795  
	0.80000000001025684  

